186.442		0.511	6293	167.214			245	26
64.9676		1.048	3911	220.641			125	22
56.4192		1.194	4337	160.386			120	21
60.3691		0.677	3063	398			122	21
37.5848		0.546	5733	194.01			100	19
54.235		0.8	3121	237			221	20
74.379		0.894	2974	141			128	14
57.3363		0.549	1668	481			125	20
33.8855		0.308	1771	166.28			96	26
101.193		1.099	4267	159.417			148	13
62.4313		1.037	6048	194.156			125	19
56.4231		0.687	3574	290			123	23
81.586		0.797	4951	212.562			142	21
92.5515		0.876	5447	191.383			149	13
44.8475		0.715	3168	353.95			108	18
117.534		0.726	4322	294			169	17
69.8926		1.16	3722	118.14			137	15
77.5898		0.396	6333	259			134	23
95.0119		1.167	6254	144.87			147	14
81.5951		0.777	5909	147.199			138	13
69.0696		1.142	4897	171.881			133	16
52.2185		0.494	3298	147			115	21
46.8472		0.567	3433	470			108	27
71.2412		1.535	3607	178			127	16
91.5819		1.138	4658	201.972			147	14
72.9433		0.768	4904	152.634			137	20
96.8265		1.333	4425	74.9068			154	19
131.142		1.542	6813	128.331			183	15
75.3686		0.814	4182	211.891			135	16
63.1019		1.132	4314	404.222			123	27
61.6463		1.225	3378	192.784			130	22
99.9361		1.955	1848	110.197			152	16
81.3282		0.986	2875	105.729			146	20
79.7806		0.781	5378	189.532			148	19
76.547		0.871	2513	153.664			136	15
84.5877		1.359	5736	130.814			144	14
77.2338		0.983	4843	210.554			143	18
72.473		0.998	4571	169.75			136	17
65.5893		0.519	4931	242.052			133	19
77.9743		1.138	4244	114.279			139	10
96.5143		1.155	3821	221.712			161	19
111.336		2.077	6462	114.096			171	15
94.8143		1.793	4081	107.632			152	13
63.8431		0.603	3269	347.546			127	20
65.9573		0.555	4412	183.044			133	16
28.5709		0.361	2376	392			90	33
35.3524		0.5	3052	461.008			101	32
48.9124		1.208	4820	106.484			111	17
99.0401		1.59	4088	81.1164			150	17
109.95		1.218	4585	127.514			161	21
63.8609		0.751	4363	308			127	20
65.7487		1.401	4150	106.674			125	18
93.3093		0.644	4187	347			156	27
82.5093		1.064	5683	142.399			149	19
51.8787		0.715	2416	126.381			117	22
82.3209		0.878	5103	112.254			139	12
93.6992		1.181	5805	114			150	16
96.1297		1.095	5044	207.974			160	20
88.988		0.761	5220	149			156	20
91.5547		1.133	2642	101			146	12
53.4264		0.663	5640	275			118	22
43.9371		0.559	5314	187			109	24
55.2782		0.543	4324	386.602			116	23
82.6033		1.506	5260	113.033			137	11
72.7929		1.169	1938	88.4082			132	18
67.2365		0.79	4172	358.122			125	21
81.5317		0.825	5329	241.998			142	15
98.0498		1.748	2451	154.491			155	13
80.7978		1.189	4254	137.094			148	15
91.2722		0.936	2787	136.315			153	13
71.9543		0.67	2459	502.717			133	26
71.2186		0.97	4145	164.256			134	20
79.0306		0.498	3608	428			143	24
44.7091		0.652	2757	597			105	25
32.7442		0.718	4183	288.433			97	32
71.1389		0.95	2225	351			137	19
49.9294		1.14	4615	171.024			112	23
51.5005		0.308	4409	152.852			115	23
78.9353		1.77	3825	84.9647			139	12
83.6072		1.717	6710	115			144	16
80.2556		0.723	3344	336.297			141	18
36.3005		0.422	1798	533.321			98	26
37.8279		0.619	2903	158.672			98	16
49.3546		0.544	4950	513			111	30
29.6023		0.359	3670	209.974			89	28
47.3487		0.542	2932	826.377			112	25
37.3536		0.779	3146	336.622			97	22
53.1308		0.46	1727	684			111	26
50.9601		0.348	1653	572			108	34
17.8105		0.252	1514	691			79	38
29.2936		0.325	2067	755			92	32
26.2861		0.429	1518	725			85	29
32.8195		0.356	2006	513			94	28
31.4764		0.338	2288	463			95	36
25.3355		0.26	2102	584			85	35
32.187		0.396	1936	321			93	32
23.9564		0.307	1691	724			80	37
24.6403		0.378	1924	653			87	37
24.298		0.441	1626	798			82	38
25.6127		0.386	1839	256.41			89	28
29.3733		0.327	1583	368			87	42
32.0186		0.322	2484	211			93	29
29.4604		0.35	1535	465			87	36
38.1312		0.348	1735	354.023			96	27
23.1		0.376	1416	698			83	39
30.3433		0.395	1858	552.393			92	31
30.3176		0.354	1696	537			90	35
20.4377		0.319	1431	666			78	39
27.5053		0.366	1987	294			88	30
28.1871		0.471	1785	333			90	35
26.7466		0.28	2609	524.022			85	32
35.687		0.44	2224	291			95	32
23.485		0.354	2278	183.222			82	31
30.4905		0.306	2090	967			90	35
26.847		0.373	1643	346			88	34
23.9641		0.36	1132	304.44			83	27
36.666		0.356	1937	405.28			100	38
44.1986		0.376	2020	944			101	33
28.5024		0.271	2182	293			90	34
28.0346		0.48	2009	1158			91	39
22.5636		0.381	1936	820.635			82	38
25.4069		0.3	1784	150			86	34
28.2237		0.329	1792	545			87	42
32.7776		0.344	1936	354			96	33
21.0527		0.31	1507	1023			80	42
23.0336		0.364	2490	229.915			79	33
35.4145		0.258	3208	467			93	33
31.4593		0.414	2704	240			96	35
28.5496		0.311	1836	810			89	37
22.2403		0.391	1573	403.071			83	35
27.29		0.421	1557	288			87	31
30.1016		0.24	2269	131			90	33
40.1353		0.373	1558	704			101	33
22.1452		0.307	1618	426.041			82	37
21.6901		0.286	2163	566.038			82	36
30.1838		0.334	1292	813.889			92	38
28.0283		0.341	1862	346			88	31
33.091		0.434	1908	764			94	37
21.29		0.344	1877	756			84	32
26.586		0.345	2001	328			87	30
31.871		0.376	1446	404			91	30
27.0953		0.385	1614	774.056			91	32
25.7657		0.439	2198	1069			85	43
27.6042		0.39	1339	565			85	30
21.8927		0.305	1755	439.731			83	36
30.0072		0.325	2094	1031			93	38
20.8306		0.348	1550	254.361			80	37
30.4984		0.375	1820	343.639			90	32
36.0651		0.665	4025	158			95	30
29.6602		0.335	1741	521.343			90	35
31.0686		0.35	1693	487.365			88	29
29.7877		0.365	2526	552			90	29
50.0963		1.665	4300	138.078			106	30
37.7743		0.334	1706	435			97	31
28.0484		0.442	2521	544.466			92	31
27.357		0.297	2146	561			87	35
27.1663		0.373	2230	209			88	31
29.7462		0.359	2502	277.458			91	32
25.4543		0.353	2125	367.055			87	38
27.9804		0.341	2252	224			88	40
28.3772		0.331	1786	702			91	36
32.3344		0.39	1778	440.684			92	39
27.2708		0.222	1813	299			87	36
26.9386		0.329	1389	560			88	38
26.5431		0.346	1252	627			87	36
32.5501		0.44	1524	572			92	36
21.6254		0.411	1497	638.52			81	36
33.9957		0.447	1536	346.558			97	39
25.0923		0.318	1882	302.686			89	37
22.0699		0.357	1509	421			80	34
25.2356		0.409	1631	572.87			85	39
26.7064		0.307	1730	358			87	31
27.3185		0.344	1680	579			89	35
22.7506		0.39	1558	759			82	33
33.049		0.328	2057	527			95	36
30.6915		0.424	2548	578.351			92	31
30.2983		0.38	2228	307			90	34
32.3818		0.356	1727	978			94	36
32.178		0.351	1506	775.758			92	32
27.7873		0.369	1877	473.468			89	37
27.1202		0.54	2916	210			93	37
31.4346		0.363	2081	341			91	36
23.6195		0.264	1627	826			84	34
30.229		0.299	2212	597.969			88	30
26.6509		0.323	1715	459			85	39
25.7259		0.336	1956	498			84	35
23.1726		0.335	2052	483			81	37
25.3426		0.397	1736	475			85	39
31.2862		0.39	2135	705			93	35
29.6982		0.32	2845	612			90	37
32.8641		0.492	2564	267.635			94	31
23.3206		0.431	2050	555			85	38
28.1687		0.391	1853	699			88	35
31.6702		0.221	1768	359.198			95	28
21.7401		0.347	1679	967			82	34
27.0619		0.44	1754	644			89	36
31.0963		0.365	2023	445.251			93	32
31.4783		0.343	1502	449.814			90	36
43.7788		1.005	3164	234.375			110	23
29.7713		0.268	1935	1053.86			88	30
26.6044		0.456	1100	673			85	34
24.3749		0.391	4211	183.486			84	31
58.3922		0.639	1410	338			116	27
28.5193		0.402	2031	513			86	34
39.1809		0.363	1721	433			103	27
26.1543		0.342	2055	710.363			89	41
26.4372		0.316	1529	349.353			87	32
26.123		0.301	1567	945			91	35
25.2749		0.27	1982	1496			87	43
40.6257		0.362	2158	596.201			103	26
18.7161		0.291	2035	932			78	37
25.4071		0.322	1479	549.99			88	36
25.3691		0.358	2201	540.157			88	36
41.1419		0.39	1408	489			100	32
31.7511		0.236	1858	471			92	26
26.8733		0.391	2083	935			85	41
20.9759		0.313	1839	687			82	35
31.2187		0.354	2951	752			93	31
22.627		0.243	1550	267.64			85	38
23.8389		0.379	2314	678.479			81	38
32.3099		0.299	1658	343.639			92	35
33.8776		0.375	1604	242			97	35
33.8801		0.304	1598	550.018			96	29
28.7239		0.373	997	730			89	32
29.6417		0.426	1496	304			89	32
30.1977		0.297	2388	277			90	32
20.4678		0.269	1856	490			79	38
35.6856		0.432	2018	428			101	35
33.0452		0.426	2136	340			94	34
30.8772		0.321	1576	292.057			94	27
30.1432		0.313	1979	450			89	38
26.4302		0.382	1519	501			88	35
30.7138		0.59	2247	264			90	34
29.9811		0.457	2266	485.252			88	38
30.598		0.367	1726	673			93	30
28.8757		0.326	2090	327.728			89	32
30.8005		0.436	1678	341			95	40
28.3315		0.44	1441	563			89	31
33.0813		0.463	2041	1235			90	32
35.3502		0.307	2111	459			94	34
23.6718		0.408	1967	417.581			88	35
36.7254		0.299	2138	678			98	42
31.4356		0.908	3103	379.065			89	29
40.0475		0.401	1964	429			102	32
22.9999		0.301	2411	634			85	39
25.4794		0.357	1722	624			87	36
26.0524		0.302	2447	797.613			87	30
19.8369		0.375	2582	279.938			80	36
28.7484		0.396	1669	623.534			88	38
32.1533		0.326	1593	427			94	30
26.596		0.35	2117	495			85	37
25.5262		0.395	1630	588			87	37
27.3497		0.396	1913	716			90	30
31.5265		0.379	1683	792			91	39
42.8369		0.351	1869	405			101	27
47.2868		0.342	1754	296.045			106	27
30.2408		0.336	1839	596			93	37
28.9586		0.356	1661	840			90	36
29.2896		0.354	2330	214			90	34
23.7229		0.283	1504	284.99			85	33
45.7042		0.322	1481	509			100	36
36.0773		0.338	1997	475			103	34
24.7916		0.401	2618	393			84	39
24.3954		0.261	2175	1283.88			84	36
31.8801		0.282	2144	858.396			95	31
24.0659		0.357	2534	491.585			87	36
40.2881		0.335	2467	372			102	34
23.8975		0.326	2373	194.362			83	28
30.807		0.328	1644	663			89	36
22.3498		0.326	2279	600			80	33
30.5176		0.363	1921	605			92	31
37.8458		0.429	1966	628.807			101	30
22.2123		0.271	2415	753			82	32
24.9437		0.352	1582	926.413			87	39
23.8195		0.396	1438	266.944			85	38
29.0915		0.355	1906	629.685			90	30
29.6275		0.325	2588	408.593			90	34
25.8878		0.419	1728	408			85	37
37.2199		0.316	1687	434.284			97	34
32.6169		0.514	1932	567.817			95	32
32.2405		0.398	1848	693			91	33
27.9505		0.381	1902	438.788			90	26
25.0638		0.455	2790	850			87	37
35.2633		0.388	2302	287			94	35
32.6094		0.467	1511	476			96	32
24.0448		0.36	1663	776			83	37
29.4305		0.382	2055	256.661			90	37
30.6635		0.39	1808	674.252			93	33
31.1382		0.279	2499	603			93	38
29.7069		0.333	2757	447.095			89	33
26.1074		0.381	2245	1217			86	37
31.8121		0.316	1605	363			94	38
35.7124		0.383	2991	150			95	33
58.1573		0.404	2407	653.332			116	37
32.1619		0.406	2080	512.334			94	33
28.1251		0.393	2007	653.332			87	31
29.3165		0.397	2644	400			89	29
27.2107		0.348	2400	345.136			87	35
23.7144		0.34	1824	478.004			86	41
26.0202		0.374	1666	824			86	31
25.736		0.292	1750	756.958			86	35
29.0063		0.29	2370	445			91	40
26.4458		0.362	1832	450			85	32
27.6573		0.281	1677	967.392			89	43
25.942		0.362	1831	709.627			84	39
22.9063		0.278	2006	519			84	37
32.212		0.272	2708	233			92	31
28.8733		0.369	1849	771			88	40
25.7114		0.323	1413	581.143			89	35
28.1796		0.495	3121	457			89	31
29.3222		0.387	2080	355.749			89	35
30.2597		0.25	1892	278			91	28
24.2126		0.273	2714	479			86	34
24.3508		0.455	1146	815			83	39
26.9122		0.402	2339	507			86	35
31.8642		0.436	1579	567.817			94	29
46.7689		0.303	2483	456			104	30
24.3447		0.405	1452	632			81	33
28.8193		0.426	2065	994.232			89	34
46.1739		0.412	1501	652			103	39
28.8234		0.342	2058	1006.38			92	33
34.4936		0.275	2003	420			98	39
35.9985		0.358	2142	259.764			99	27
30.3523		0.285	1862	357			91	32
26.9773		0.359	1984	745			86	45
30.0797		0.512	1570	218.971			91	27
25.207		0.601	2628	928			85	42
43.019		0.82	5102	172.681			98	20
46.3285		0.395	1696	292.205			108	35
29.4318		0.45	1672	284			88	26
29.9473		0.376	2107	158.931			93	30
41.5804		0.376	1873	652			103	32
27.021		0.339	1321	294.573			90	38
71.7348		0.411	1903	626			125	26
29.1964		0.36	1288	484			91	32
23.5519		0.329	1898	347.49			86	42
25.5627		0.346	1515	387			84	42
23.6814		0.353	1679	767			85	37
45.0318		0.317	2738	373			103	28
22.4248		0.316	2208	405			84	39
33.7703		0.382	1749	647			94	31
32.6579		0.361	1582	765			92	39
30.9201		0.373	1560	389.236			92	33
31.4429		0.244	2265	388			89	25
28.0479		0.402	1591	584.599			87	29
35.9647		0.424	1516	570			96	32
34.7695		0.366	2199	483			99	30
26.0381		0.379	2490	189.605			86	29
38.3677		0.277	1712	439			96	31
34.7983		0.345	1262	354			96	25
30.5123		0.411	1355	530.926			92	32
31.2105		0.398	1880	905			90	40
30.3422		0.32	2219	828			91	33
28.0836		0.324	2068	399.386			86	40
34.784		0.33	1588	909.917			93	31
43.586		0.321	1904	391			101	34
26.9519		0.348	2708	228			88	33
30.0781		0.469	991	563			90	40
31.0785		0.365	1652	449.078			92	37
56.6551		1.495	3172	223			115	29
33.0456		0.401	1395	942			94	35
20.9649		0.322	1944	491			81	36
31.7596		0.349	2750	293.147			94	39
37.9842		0.325	1604	791			98	37
24.349		0.316	1510	443			87	33
29.7248		0.243	2424	260			91	35
26.3292		0.381	2207	353			87	40
26.2688		0.351	1150	878			88	35
32.2798		0.638	3645	206.727			94	27
54.5752		0.342	2119	292.788			112	25
24.1725		0.346	2121	477			83	34
30.8404		0.308	2020	230.559			92	29
35.8909		0.464	1847	454			100	32
20.3577		0.325	2087	784			76	38
26.2696		0.263	2044	291			88	40
35.307		0.214	1692	184.531			97	22
29.5508		0.419	1621	360.708			88	36
30.5984		0.27	1945	513			89	31
31.1779		0.259	2438	546			94	29
22.9596		0.277	2044	234.91			83	32
26.1382		0.33	2321	527.728			84	35
23.4561		0.337	1403	484			85	38
35.9195		0.354	1979	493.059			99	30
21.9656		0.289	1668	273.869			80	35
22.7886		0.409	1483	617			83	44
27.8041		0.357	2024	733			89	33
31.7865		0.345	3058	189.532			93	27
30.1753		0.332	2399	383			93	38
20.5355		0.421	1757	731.3			81	35
24.2186		0.384	2373	281			83	37
27.1585		0.278	1886	942.029			86	33
28.0153		0.357	2351	602			87	25
24.9342		0.406	1740	1103			82	34
38.2726		0.343	1761	631.441			97	31
37.7338		0.351	2506	264.664			98	31
27.4095		0.374	2162	808			86	30
29.6964		0.481	3404	284.659			91	25
19.848		0.317	2603	416			81	41
28.1123		0.33	1682	269			91	28
27.7585		0.416	1972	446			87	37
27.3271		0.343	1996	321			88	37
29.4561		0.281	1851	436			90	36
25.7266		0.386	1623	403			84	36
22.4783		0.314	2172	1674			83	40
21.9555		0.402	1415	760			81	38
24.1364		0.341	979	535			83	27
31.152		0.427	2579	519.713			96	32
28.5626		0.385	1236	491			91	39
26.4417		0.33	2295	351.431			87	34
26.2314		0.433	2629	416.583			89	34
28.2206		0.353	1881	573			87	44
25.523		0.339	1513	798			84	37
30.7103		0.411	1874	332			93	30
29.0832		0.314	1389	537.472			92	25
30.5648		0.275	1528	573			90	28
29.4795		0.45	1870	495.2			93	34
28.8254		0.386	2378	326.538			88	27
27.8611		0.313	2149	655.951			90	34
27.0389		0.355	1402	558			88	40
23.5591		0.295	1716	1032			83	37
23.7569		0.363	2082	1093			83	31
24.7299		0.324	2373	164.382			86	30
28.9147		0.234	1847	325.077			88	35
34.4462		0.402	2423	578			96	40
25.034		0.331	1570	656.706			85	28
24.3378		0.446	1848	661			85	33
22.9846		0.368	2882	304			84	31
28.4657		0.389	2065	708			90	31
41.0466		0.437	1398	237.414			104	19
25.835		0.327	2181	438			84	37
27.3483		0.281	2068	319.335			89	27
26.7086		0.374	1614	628			86	38
35.7982		0.347	1694	466			93	30
23.3743		0.337	1445	1025			87	30
21.9674		0.271	1572	829.894			83	40
27.2434		0.275	1669	318			88	32
28.3172		0.348	2170	346			87	38
27.3345		0.195	2081	715			89	33
30.2614		0.23	2450	260.483			89	25
34.0252		0.274	1858	306			94	33
29.8832		0.293	2214	311			88	30
37.0474		0.481	1854	533			93	27
25.7432		0.362	1448	483			87	36
38.6612		0.397	1334	421			99	32
25.291		0.448	1643	687			88	35
30.1799		0.344	1440	637			92	34
24.6087		0.384	2775	463.618			86	34
17.8514		0.28	1704	652.174			77	39
25.4202		0.413	1973	392.006			83	29
28.6742		0.364	1432	545			92	32
24.5333		0.324	1598	370.473			85	35
54.2633		0.306	1690	847			108	26
28.5977		0.371	1850	666			91	34
32.8609		0.327	1699	395			96	37
28.4216		0.335	1709	545			87	42
18.9488		0.241	2278	2043			78	35
21.703		0.352	1777	313.462			83	34
30.9041		0.377	2270	763.831			90	34
28.4647		0.396	2316	416.866			91	33
27.9797		0.284	2290	281			88	37
26.1631		0.367	1704	686			86	39
40.5391		0.375	1453	483			98	31
21.6672		0.257	1393	261.005			84	32
55.4299		0.621	2946	414			118	20
25.06		0.351	1931	537			88	32
26.3952		0.284	2050	512.475			87	29
23.583		0.42	1711	789			83	28
25.9523		0.298	2204	511.434			88	36
42.5048		0.378	1853	193.975			103	29
27.8565		0.33	1929	332.119			91	33
30.6628		0.436	1864	928			91	43
27.604		0.356	1570	584.599			90	39
20.2839		0.29	2375	279			82	29
23.0809		0.315	2056	490			82	39
27.7086		0.338	1846	492			89	30
32.9165		0.287	2022	290			96	30
30.3457		0.336	1473	280			92	30
36.3213		0.459	1336	420			99	28
32.7986		0.344	2067	362			93	37
27.562		0.393	1436	465			87	36
30.6357		0.517	2749	248.659			94	28
36.8396		0.343	2032	760			98	38
32.2045		0.375	1727	552.393			95	29
22.3048		0.357	1570	532.096			81	36
30.3233		0.337	1367	434			92	34
22.8089		0.419	1998	413.306			84	40
34.4233		0.384	2307	461.008			96	37
24.0831		0.337	2096	640.802			87	37
33.3105		0.324	2319	321			92	24
33.7423		0.266	1640	387.388			92	31
26.4164		0.335	2013	457.619			87	38
36.9533		0.367	3260	759			95	38
22.1047		0.34	1991	545			83	29
25.6363		0.315	2485	457			88	33
34.9926		0.5	2748	276.229			94	29
35.0967		0.407	3980	170.778			102	27
39.5765		0.338	2094	400			95	36
31.1133		0.356	1789	236.015			91	30
29.911		0.334	2164	431			90	39
29.8284		0.388	1960	682			88	32
24.6919		0.371	1661	488.221			86	35
31.6146		0.335	1629	717			92	31
27.9177		0.565	2016	313			90	32
27.0125		0.333	1794	368			89	36
25.7166		0.335	2412	360			87	36
33.2321		0.314	1657	451			92	31
23.3005		0.301	1857	1158			84	37
30.9854		0.368	2056	377			91	33
21.6299		0.381	1352	497.404			82	35
32.1341		0.255	2393	223			95	30
24.0579		0.44	1761	1006			85	44
19.302		0.339	1904	713			81	39
31.4519		0.463	2011	428			89	36
25.4112		0.421	2070	495			84	32
21.3314		0.387	1742	520			81	35
23.0306		0.445	2361	821			83	35
21.6641		0.355	1740	841			80	43
20.9425		0.379	1290	810			81	40
20.0049		0.329	1316	937.924			78	34
32.902		0.391	2374	964.127			92	38
28.7192		0.414	2047	483			91	31
26.5372		0.382	2566	731			84	32
35.5291		0.382	1821	461			99	34
39.9236		0.422	3754	350			103	31
31.3535		0.337	1948	791			92	38
35.4462		0.398	1486	425			95	31
25.4703		0.322	2087	452			84	30
28.6703		0.535	1646	602			89	36
31.653		0.348	2041	517			91	35
33.7339		0.332	1884	281.002			95	28
25.5806		0.303	1986	734			89	42
28.1306		0.361	1842	805			86	27
23.4304		0.44	1714	672			83	41
27.0727		0.355	1353	643			90	39
40.5325		0.487	1740	508.732			101	33
32.9625		0.299	2007	209			92	31
33.4376		0.328	2402	399			96	32
21.9054		0.34	2350	962.494			79	38
26.2101		0.29	1533	368			87	36
28.6893		0.325	1621	610.184			92	37
29.2807		0.418	2097	175.114			92	38
19.8995		0.331	1980	789.352			80	40
27.736		0.418	1912	713			88	35
43.9713		0.587	2125	697			104	37
32.5497		0.359	2350	250			90	30
24.5647		0.28	2166	233.555			84	39
30.6941		0.391	2143	506.83			88	33
28.3143		0.44	1990	497.909			89	43
36.4696		0.325	1944	655			94	34
27.1978		0.375	1471	766.389			86	31
25.0436		0.344	1785	1140			84	36
26.6878		0.327	1783	491			87	39
29.9125		0.303	2000	1172			89	36
38.6773		0.302	1741	618			94	34
28.3506		0.504	1585	528.528			88	35
28.0619		0.388	3067	396			88	31
33.9037		0.433	1578	823			94	29
27.8925		0.407	2257	479			90	38
31.148		0.453	1696	697			91	29
24.8573		0.381	1929	464			87	42
29.2917		0.359	1767	429			90	39
30.334		0.314	2166	221			92	22
27.6734		0.456	2612	308.147			89	40
28.2447		0.342	2171	815			87	33
32.1798		0.281	2141	383.691			93	35
24.3703		0.329	1501	992			88	44
32.7638		0.673	2318	420			95	33
29.6904		0.396	2128	492			89	28
24.2543		0.297	2000	799.521			87	34
25.7867		0.366	2074	613.854			85	35
29.4765		0.46	1724	510			91	36
25.3544		0.429	2301	735.593			87	35
23.9335		0.284	2033	506			87	35
31.0083		0.346	2086	313			91	28
28.4982		0.385	1643	549			92	30
29.8636		0.333	2222	286			94	36
31.5707		0.312	2761	511			92	39
29.3983		0.433	2090	443			91	28
35.6918		0.421	2396	259.153			97	24
25.6395		0.275	2213	451			88	38
30.47		0.413	2724	346.239			90	29
28.9586		0.467	1643	727.956			89	34
24.9761		0.378	2173	663			85	37
28.5914		0.389	1256	682			87	33
25.4919		0.304	1467	517			85	40
27.7104		0.304	2088	289.376			87	32
26.3258		0.39	1295	673			85	38
60.5289		0.432	2376	428			112	19
23.6375		0.295	1653	1070			83	38
27.3009		0.423	1750	387			91	37
21.6926		0.362	1654	768			82	32
29.2269		0.394	1414	349			92	29
21.1779		0.34	1747	966			78	37
29.8698		0.343	1729	316.928			91	28
22.6064		0.352	2368	767			81	41
29.5842		0.31	1505	398			88	31
22.9852		0.366	2074	749			81	41
18.747		0.282	1507	811			74	35
26.1987		0.353	1912	344			89	32
28.2844		0.536	1975	405			88	37
33.0053		0.298	1891	425			94	35
29.4396		0.552	2831	829.054			92	32
31.7416		0.596	1414	411.16			91	30
31.5064		0.359	1949	489			89	23
33.1181		0.266	1292	312.207			96	22
47.9852		0.408	1795	372.928			105	27
41.0027		0.717	5370	207.082			106	20
31.0891		0.369	2336	412			91	38
21.9616		0.392	1772	283.303			84	38
35.6493		0.378	1749	333.843			96	34
44.1613		0.399	1686	433			106	23
24.0326		0.324	2993	309			82	30
33.6395		0.37	2281	347			89	28
24.9479		0.312	1986	583			85	33
35.8331		0.589	2020	676.86			95	29
27.652		0.297	1964	401			88	26
21.3324		0.338	1545	673.243			80	38
48.8166		0.505	1900	625			107	29
27.0735		0.375	2088	521.343			85	37
34.5569		0.329	1823	611			97	35
31.191		0.578	3500	154			90	26
44.9925		0.318	1966	418			107	45
34.6475		0.398	2131	529			94	34
25.8716		0.241	1521	1586			88	37
32.8573		0.274	2305	327			96	34
28.0857		0.346	1851	273			91	35
21.5065		0.321	1431	729.581			81	34
32.0683		0.323	2247	519.53			96	30
35.8134		0.368	2139	607			99	35
27.1961		0.36	2018	373			83	27
24.1356		0.463	1771	904.956			83	36
22.1603		0.433	2738	491			84	40
21.3633		0.414	1952	783.41			78	34
30.1995		0.37	1984	304.44			90	37
31.7827		0.377	1876	452.549			91	27
31.5124		0.403	2359	296			96	26
28.0984		0.385	1665	786			88	26
30.8348		0.36	1733	687			90	39
27.3177		0.358	2178	687			90	40
63.3007		0.43	1580	526.127			116	31
27.5237		0.275	1670	295			86	28
34.6908		0.39	1915	471.835			97	30
24.2743		0.462	1740	571			85	35
40.1591		0.568	2096	651			101	27
25.9406		0.428	1279	646			86	37
19.8713		0.348	1486	441			79	41
21.3649		0.276	3624	438			82	34
25.4518		0.41	1112	965			85	34
22.8933		0.354	1612	335			85	37
22.2422		0.275	1854	884			81	33
22.4151		0.36	1785	765			82	32
23.9906		0.6	2135	258			83	42
28.1156		0.303	2133	650			89	37
34.8403		0.418	3129	376			96	23
38.1926		0.518	3743	292.205			102	23
37.2417		0.344	2115	623			97	31
23.0472		0.285	1943	727.863			82	34
24.4359		0.395	1961	545.523			85	29
37.8744		0.505	1812	478.911			95	29
31.2145		0.525	1319	517.731			94	31
31.8887		0.444	1556	481.649			92	31
20.5678		0.335	1697	806.288			78	33
24.4766		0.351	2107	630			83	33
27.899		0.402	3060	496.937			91	34
23.7006		0.384	2183	392.554			86	42
26.9119		0.381	1332	393.625			89	33
30.2317		0.362	1762	622.655			91	30
37.5424		0.283	2454	378			98	29
30.8877		0.283	1875	389			91	25
23.3012		0.353	1622	440			84	36
39.9578		0.396	1955	472			99	37
31.7851		0.282	1730	1145			92	33
26.0053		0.341	2082	331.412			86	30
32.1345		0.375	2292	205.681			90	30
32.7162		0.513	3475	320			94	37
27.728		0.427	1371	372			88	29
35.0645		0.458	2042	610			97	32
28.7444		0.427	2134	639.333			91	37
51.2278		0.405	1858	499.715			109	25
22.683		0.321	1495	702.863			82	34
18.3408		0.468	3494	538.104			62	23
43.0579		0.478	2097	678			102	36
39.1085		0.282	3013	501			101	30
25.956		0.295	1751	369.546			85	32
26.8296		0.387	2163	337			88	36
29.3993		0.48	3521	206.64			89	28
56.673		0.872	4378	214.285			115	20
39.8128		0.387	2077	239.908			104	25
30.4054		0.43	2422	431			88	44
31.0477		0.419	1752	561			94	40
25.9722		0.364	1838	493			85	38
25.3358		0.29	1989	531			85	35
65.6029		1.181	6145	159.729			122	22
82.2287		1.089	5478	139			140	15
62.9333		0.533	5919	252			122	22
28.012		0.295	1908	475.932			89	33
27.6147		0.381	1772	820			91	35
26.2895		0.343	1540	636			89	36
23.7059		0.36	2233	373.797			83	34
23.9993		0.273	2340	373			85	36
27.4905		0.366	1277	669			87	37
26.8519		0.301	2126	408			88	30
22.9994		0.281	2337	695.592			84	35
18.9279		0.354	1541	939			79	41
33.4725		0.33	1736	471			95	31
23.1321		0.36	1739	506			81	38
28.9067		0.483	1974	581			93	34
23.8631		0.385	1602	620.017			83	34
30.0936		0.426	1074	347.105			92	26
35.0024		0.31	2487	267			95	37
30.23		0.366	1768	956			92	35
34.1667		0.373	2136	1074			95	32
33.8172		0.381	1890	362.311			95	33
28.1307		0.36	1465	699			93	37
32.3162		0.549	2670	167			93	28
32.224		0.291	1876	386			91	37
35.5223		0.303	1729	329			95	36
39.2033		0.532	2167	467.73			98	27
24.3688		0.398	1903	502			86	36
27.993		0.357	1842	732.159			90	36
22.8835		0.266	1577	806.288			85	34
29.1044		0.365	1931	430			91	34
29.0727		0.419	1914	452			88	26
31.3422		0.412	2166	459.761			94	30
33.2699		0.395	1605	466			96	33
26.1089		0.343	1826	840.813			88	36
30.9012		0.402	1893	395			87	35
24.5349		0.316	2347	582			86	37
34.3066		0.493	3398	194			94	34
30.1858		0.342	1942	251.511			89	29
28.6985		0.347	2441	614			91	35
22.6184		0.325	2646	1202.6			83	34
28.2208		0.419	2071	451			85	27
23.8887		0.344	2128	321.039			85	35
30.3431		0.43	1525	582			89	35
35.8083		0.429	2560	429			96	32
30.4822		0.323	1591	412.798			92	31
32.0351		0.405	1990	627			95	35
32.6021		0.459	2065	603			92	30
34.1509		0.4	2034	890.873			98	33
28.9522		0.288	3390	403			88	28
28.571		0.309	2376	518.106			90	35
28.8283		0.464	2280	302.755			89	33
38.1335		0.394	1940	652			95	33
26.6064		0.385	2478	569			89	38
28.9057		0.305	2057	245			89	36
28.9264		0.362	2066	628.606			92	41
26.7754		0.407	1527	584			87	39
25.4076		0.329	1643	556.237			86	34
27.4866		0.367	2107	266.98			85	27
30.181		0.375	1699	657			93	43
26.0135		0.272	2488	352.146			87	32
32.0359		0.394	2076	421.456			90	34
30.6531		0.253	1519	167.158			94	25
28.6751		0.325	1726	543			86	35
24.8357		0.393	2287	609.413			84	32
30.1462		0.36	1990	330.593			91	29
29.3726		0.404	1837	609			94	31
28.5972		0.523	1460	345			90	36
21.8902		0.376	1763	664			84	33
29.858		0.532	2915	242.867			91	25
39.1422		0.432	2117	334			97	22
34.7832		0.505	2927	385			94	26
45.9533		0.525	2717	133			107	24
51.524		0.333	2775	180			110	21
40.223		0.439	1536	365.093			100	24
29.6091		0.399	1459	422			90	27
43.7698		0.465	2122	198.438			103	26
36.4004		0.567	2074	251			98	23
30.7536		0.373	1408	494.037			93	31
35.1994		0.455	1647	444.606			95	26
36.0139		0.638	2781	403			93	27
31.2993		0.437	3098	423			90	27
36.7641		0.546	3105	254.361			99	20
54.285		0.362	2308	173.476			114	21
44.6938		0.337	2325	539.262			104	29
39.3711		0.438	2090	336			101	19
30.6308		0.375	1946	347			91	29
33.731		0.509	1713	429			93	28
29.8232		0.378	2380	374.434			92	22
39.5805		0.373	2804	314.283			102	23
39.0295		0.354	2178	468			101	31
30.9265		0.482	2257	336			92	25
39.7974		0.507	1784	252			102	27
40.9837		0.394	2266	236			101	22
32.4456		0.324	2197	412			94	36
30.9962		0.391	1917	301			89	21
41.1019		0.465	2525	227.694			104	30
41.9641		0.635	1465	379.065			103	24
22.9843		0.364	1426	480			81	33
34.8058		0.445	1630	214.205			96	22
36.7901		0.493	1517	394			97	26
32.4856		0.382	1482	570			92	30
42.0169		0.531	2810	252.563			106	25
37.2229		0.393	2528	460			99	28
29.3945		0.401	1307	737			89	29
42.027		0.45	1466	335			103	25
50.0286		0.721	2309	391			112	21
65.2846		0.396	5665	489			117	18
39.5796		0.309	1946	410			100	26
34.4101		0.348	2974	298.1			97	30
34.3209		0.301	2322	349.702			94	21
38.8737		0.402	2444	378			105	30
30.6457		0.401	2658	254.882			94	31
49.3715		0.717	1915	316.598			111	28
31.2672		0.305	1501	663			94	32
33.9893		0.32	2387	249			97	23
31.741		0.443	1496	486.763			93	31
36.6264		0.424	1743	327			98	27
37.4384		0.365	1869	242			93	28
31.9513		0.338	2907	404.912			90	25
39.5651		0.392	1179	314.769			104	20
40.9763		0.376	2157	369.512			103	27
26.3842		0.342	2075	671			87	37
43.5531		0.337	1897	253			104	23
40.0003		0.646	2971	289			104	28
42.0431		0.407	1770	508			101	23
30.9514		0.478	1817	291.262			90	25
42.8475		0.439	1680	351			104	23
38.3552		0.36	1995	395			99	24
31.6858		0.368	1659	382			86	25
43.0146		0.402	1443	347			107	24
38.9406		0.372	1899	328			103	28
35.0149		0.461	2203	299.868			93	19
35.6456		0.424	2152	276.78			97	29
32.1192		0.355	1227	413.191			90	28
39.8631		0.4	2823	372.581			99	23
42.648		0.442	1826	472			107	27
30.7344		0.374	1718	436			91	28
39.0635		0.541	1337	479.204			99	24
35.8816		0.524	1735	495			100	28
39.8887		0.498	1311	305.223			99	18
34.3129		0.304	1894	251.511			95	29
37.4267		0.382	2470	251.662			97	23
33.607		0.434	1772	450.725			92	27
32.1737		0.381	1234	761			92	32
45.3873		0.513	1552	511			108	24
46.0701		0.966	2962	177			105	21
33.9326		0.456	1508	377.213			93	29
28.5002		0.474	1371	605			88	27
51.075		0.406	2496	248.5			112	25
34.2705		0.386	1765	433			94	24
31.6135		0.343	1739	312			92	27
31.8823		0.364	1981	296.914			93	24
35.2689		0.354	2136	271.015			99	28
30.8312		0.439	2176	401			92	29
34.1318		0.363	1922	178.608			92	22
44.6856		0.304	1654	580			106	34
33.7322		0.505	2438	318.65			98	22
45.1876		0.412	2076	386			105	20
41.1769		0.365	1505	346.239			101	21
30.9503		0.406	1970	367			91	23
29.7057		0.389	2159	682.956			92	31
30.6949		0.433	2710	411.16			90	24
25.3241		0.453	1401	592			86	26
44.8453		0.442	2343	333			108	21
39.7044		0.259	2194	277			95	30
30.0236		0.463	1803	626			88	27
35.2643		0.425	1665	240.684			96	19
43.6266		0.37	2453	276			105	24
36.9276		0.381	2254	222			94	25
37.7923		0.528	2242	328.164			98	24
36.4962		0.441	1688	480.723			96	27
30.3522		0.429	2265	506.929			88	25
33.6918		0.403	1348	768			95	28
25.2223		0.443	1845	406.944			87	24
35.1335		0.468	1671	323			96	24
44.1436		0.482	3854	138.836			98	19
38.508		0.418	2385	230.15			99	32
30.9229		0.359	1775	741			88	29
40.6416		0.734	1808	212.84			103	20
45.0737		0.393	1777	383.691			100	23
29.4811		0.339	2267	523			87	25
32.746		0.334	1353	753.582			94	30
31.5161		0.322	2442	321			91	27
30.0764		0.398	1828	201.79			91	21
38.6905		0.418	1557	288			103	26
30.2732		0.32	3026	321			90	29
33.3048		0.476	2021	561			97	27
28.0326		0.351	2247	288.532			91	32
36.4436		0.328	1701	340			97	27
38.8382		0.357	2604	342.829			97	25
37.6745		0.352	1853	438.856			93	31
36.5393		0.408	2233	232.558			97	27
44.3246		0.422	2339	265			107	26
33.7996		0.353	1916	292.514			95	23
48.7203		0.32	2211	155.905			108	24
42.903		0.526	1818	366.088			106	27
33.4339		0.488	1636	409			92	29
33.3927		0.382	2182	315			91	28
35.9321		0.43	1968	400.184			96	31
30.9546		0.425	1423	156			92	29
41.8994		0.493	2469	330.601			102	29
43.6909		0.417	2823	319			107	25
60.427		2.667	4902	117.143			119	20
65.6195		0.377	1708	265.095			124	23
38.1501		0.303	2349	240.093			104	23
36.5623		0.364	2742	483			96	24
53.0082		0.33	1858	335			112	23
34.6525		0.382	2025	442.115			97	29
38.6821		0.334	1988	501.979			98	24
31.5033		0.297	2493	384.615			91	24
32.9913		0.287	1735	345			95	28
31.6469		0.509	1786	428			91	31
32.7027		0.434	1879	396.619			93	27
31.2385		0.332	1782	314			90	24
31.8991		0.294	2019	463			93	34
40.6094		0.413	2386	225.362			105	27
38.7285		0.472	1600	528			100	29
92.4483		0.687	2901	321			145	19
29.3521		0.363	1577	300.678			90	26
30.0784		0.389	1765	422.084			89	26
30.3803		0.326	1768	494			93	32
35.9185		0.307	2181	418			97	29
30.5727		0.42	3220	227.001			94	26
43.5132		0.414	1957	327.976			105	33
31.4157		0.409	2383	228.812			92	25
43.3992		0.336	2150	336.297			109	32
31.9359		0.318	1624	459			93	27
31.219		0.366	3128	509			89	28
42.072		0.383	2336	398			104	31
34.5078		0.431	1939	180.954			96	33
46.384		0.356	2750	152			97	24
38.6403		0.37	2065	370.37			101	30
31.5392		0.354	2250	356.345			91	26
55.8938		0.491	2731	152.634			113	22
40.8262		0.297	1460	279			101	29
33.9251		0.407	2360	233.423			94	23
25.2607		0.414	2522	854.75			88	35
29.6953		0.39	1688	517.731			93	27
39.292		0.409	2303	250			99	27
34.2815		0.336	2196	336.297			92	27
38.1724		0.306	1889	319.228			100	23
27.9469		0.369	2366	235.372			86	27
34.3103		0.334	1798	361			94	28
31.4593		0.419	2013	348			92	30
35.4991		0.357	1900	351.216			98	24
41.4932		0.365	2187	228			104	29
40.6942		0.236	2306	124			95	20
47.0266		0.435	2009	494			103	24
36.7493		0.434	2332	204			99	24
40.1867		0.308	1675	338			101	23
43.4783		0.276	1992	234			105	22
43.1376		0.415	1910	625			101	34
40.1492		0.418	1932	375			98	32
42.4259		0.463	2462	348			105	25
39.4853		0.278	1855	263			96	23
38.7884		0.547	3624	208			101	25
40.9272		0.407	2068	459			100	20
41.2729		0.458	1874	335			105	26
40.7314		0.442	1872	335			101	24
50.791		0.37	2302	307.706			105	31
34.7619		0.37	1606	702.863			97	28
33.3529		0.542	1482	535.68			95	29
42.7793		0.403	2253	298			104	29
34.9263		0.39	2413	423			98	31
39.1555		0.4	2106	439			101	24
36.9256		0.452	2054	718			95	31
33.9917		0.422	2351	160.44			95	20
40.1348		0.491	1365	305.38			102	33
30.067		0.404	2172	411			88	30
31.1248		0.587	2743	216.693			91	20
48.8055		0.391	1785	571.302			109	31
37.0041		0.369	2127	467			99	32
28.7698		0.332	1767	395			91	35
26.0223		0.29	2087	174			85	37
28.7739		0.295	1794	1697			89	47
36.0141		0.285	2620	372			102	34
35.5861		0.279	1875	574			99	27
29.8153		0.543	2099	368.926			89	26
26.2331		0.289	1981	786.99			87	43
25.6526		0.354	1682	258.131			86	40
29.6233		0.315	2958	312			88	38
35.2202		0.334	2226	1040			98	30
28.2971		0.358	2099	402.149			87	33
27.4059		0.377	2216	686.411			91	36
25.7418		0.343	1773	777			90	37
32.0355		0.38	1750	597.085			92	31
30.6992		0.401	1828	259.108			92	38
34.2243		0.452	2208	522.922			98	36
29.9276		0.349	2306	599			88	31
28.6377		0.462	3475	520.631			90	31
25.9504		0.531	1221	635.474			91	36
34.7955		0.364	1714	429			96	40
28.3445		0.263	2380	434			91	35
19.9145		0.36	2620	471.894			81	40
35.602		0.354	2394	512			100	34
35.112		0.364	2573	713			101	27
53.5795		0.419	2866	396.619			116	17
45.5679		0.48	2813	598.853			111	26
33.04		0.365	2117	375.361			94	27
29.377		0.28	2180	873			91	37
27.0851		0.355	1655	443.828			88	29
27.8701		0.329	1916	463			92	37
26.7248		0.489	3225	221			90	30
62.2405		0.477	2376	544			123	20
19.3625		0.314	2432	977			80	38
29.392		0.282	2487	334.653			92	26
46.8068		0.38	1637	607			108	30
22.2991		0.286	1859	517			80	31
24.5532		0.318	2248	814.498			85	32
25.6964		0.408	1814	414.988			86	29
38.8106		0.423	1945	485			98	24
20.1473		0.318	2135	393.852			81	31
31.5365		0.299	1795	578			93	34
37.3689		0.409	1668	447.58			101	26
37.2277		0.393	2327	384			96	24
30.7715		0.341	1832	504			88	32
44.7104		0.486	2220	346			107	21
25.7412		0.306	2238	224.719			88	33
32.8926		0.445	2452	252			96	35
35.6383		0.43	1762	373.79			96	30
36.8993		0.439	1971	217			101	31
33.7556		0.408	1952	631.441			97	30
27.1607		0.33	1795	214.303			86	31
40.7878		0.361	1518	361.446			103	25
30.5882		0.385	1651	395			93	25
24.6159		0.386	1915	776			87	40
20.7142		0.301	2039	429			81	39
37.8049		0.489	1276	382			100	24
21.6443		0.259	1585	610			81	40
23.2857		0.402	2087	340.522			83	37
33.7645		0.344	1726	564			96	33
24.9456		0.363	2006	380			85	29
29.2293		0.345	1907	283.728			89	28
33.6185		0.34	1562	237.235			96	28
40.8694		0.24	1769	182.603			101	28
36.185		0.302	2266	798			98	31
33.1851		0.395	1774	371			93	30
38.6464		0.448	2255	402			102	29
26.997		0.418	2035	387.453			87	30
34.3149		0.362	2185	384			95	30
28.9857		0.339	1819	372			89	27
31.7606		0.305	1966	282.771			95	33
34.0442		0.263	1487	268			96	30
33.4102		0.441	1623	384			94	34
24.8927		0.327	1790	863			86	38
33.4508		0.412	2236	439.771			92	28
41.0156		0.392	1708	372			98	31
24.3861		0.353	2187	840.266			82	35
48.2473		0.479	2133	214.307			111	19
30.5078		0.331	2928	874.247			92	33
30.413		0.307	2341	611			92	31
24.6926		0.337	2369	472.103			85	34
48.8814		0.383	2297	402			104	30
33.4145		0.321	2930	452			95	37
44.7821		0.767	3801	233.555			108	20
41.4441		0.445	2136	335			104	30
30.9621		0.308	2152	368			93	24
21.3451		0.336	2286	666.418			81	38
23.4406		0.318	2109	279.68			84	35
25.4634		0.349	1966	642.837			88	42
29.1047		0.405	1321	375			88	25
24.9524		0.335	1607	527			87	32
22.8047		0.244	1915	1132			83	37
19.9269		0.273	1994	522.922			81	35
27.6406		0.378	1596	580.256			85	28
23.8458		0.351	2000	322.731			85	35
28.729		0.422	1860	437			89	36
24.983		0.408	1613	706			90	30
30.8539		0.318	1710	557.129			90	23
22.5453		0.395	1855	720.119			80	34
29.9191		0.449	2018	580			90	36
23.3058		0.37	1838	722			84	31
36.2052		0.468	2255	207.413			100	26
32.5737		0.397	2265	278			93	28
32.2264		0.38	1776	707			89	25
32.8873		0.424	1671	587			93	25
33.4372		0.38	2123	612			91	25
50.0329		0.84	4938	205.191			112	19
59.0607		0.302	2012	173			113	23
43.5947		0.412	1330	597			100	31
22.8792		0.408	1728	257			85	30
23.3935		0.344	1893	236			82	36
24.9451		0.424	1895	592			87	34
32.6636		0.337	1796	226			90	20
33.0717		0.392	1578	402			94	32
26.6275		0.321	1760	978			86	28
21.5749		0.294	1564	728.722			82	35
51.2609		0.264	2650	217			106	21
26.0822		0.352	2031	358			87	33
28.4357		0.434	2083	312.893			89	28
29.8599		0.293	2290	192			88	27
31.7558		0.309	2422	336.297			92	33
32.9914		0.406	1425	386.553			94	40
31.2612		0.369	2116	327			92	37
33.4198		0.368	1945	324.095			95	27
31.6972		0.323	2433	562			92	37
22.9632		0.299	2525	308.689			80	31
33.8717		0.459	1477	388.692			94	27
32.1874		0.463	1538	839			96	38
29.7825		0.415	2024	649			92	28
20.1436		0.35	2170	635.827			80	35
32.8566		0.435	2099	437			93	25
24.9957		0.48	1435	357			86	31
31.7779		0.334	1725	395			95	31
37.2752		0.369	2481	320.014			98	28
34.334		0.457	1580	632			96	29
29.4286		0.38	1679	412			91	27
35.9572		0.477	2683	283			98	33
33.8574		0.572	1209	487			96	29
22.1225		0.395	2872	228.204			83	33
50.1608		0.313	2295	574.929			107	25
35.5897		0.391	1420	517			96	25
28.1278		0.322	1394	491			90	39
20.6347		0.372	1918	482.472			79	38
33.1816		0.418	1592	517.731			92	25
32.3004		0.381	2166	639			93	31
34.4325		0.312	1592	543			100	29
29.1124		0.421	1263	437.028			88	35
34.0868		0.43	1813	362.641			94	24
26.9969		0.375	1659	627			86	36
23.3347		0.324	2207	588			83	34
28.0631		0.461	1455	461.656			89	40
31.3479		0.495	2015	374.146			90	27
28.3529		0.373	1791	513			87	33
29.3216		0.41	1938	698.539			90	36
34.1967		0.367	1901	916.367			94	34
25.1767		0.29	2274	503.438			86	32
25.3883		0.316	2230	422.09			84	30
30.1549		0.309	1941	348			90	37
31.7525		0.383	1576	366			92	27
26.809		0.344	2147	381			87	36
21.7872		0.368	1797	638			81	38
33.6952		0.403	2231	833			92	37
26.6904		0.376	1584	250.138			84	24
32.2446		0.34	2533	471			92	31
29.565		0.269	1780	924			91	33
33.4191		0.412	2436	445.436			93	21
22.3592		0.31	2064	462.633			82	36
30.479		0.342	1700	387			91	34
30.5718		0.31	1625	294.089			92	31
36.6308		0.365	2237	426			95	29
31.8714		0.391	2309	293			91	37
31.9287		0.383	1490	758			93	42
28.9541		0.503	2182	275			86	29
30.6792		0.318	2498	428			91	34
25.1663		0.334	1908	642			86	37
24.3178		0.343	1182	1158			83	35
26.41		0.291	2125	702			85	36
35.981		0.218	1583	260.056			98	30
36.8728		0.416	1817	270.816			99	31
32.9141		0.384	1977	652			93	32
35.8276		0.401	1896	338.865			93	24
28.4936		0.362	1845	557			89	27
31.6998		0.442	2131	231.737			94	23
30.679		0.388	1830	719			86	27
46.2463		0.316	2411	535			112	26
25.0314		0.314	2042	332.614			84	32
35.9289		0.581	2447	1082			96	34
23.7263		0.311	1900	778.311			86	36
32.4507		0.388	1624	422			93	30
20.7147		0.348	1618	561.585			76	34
28.6361		0.426	2120	554			89	30
26.0205		0.455	1613	778			82	32
32.5047		0.459	1994	161.728			92	20
25.8031		0.435	1901	385			85	49
23.821		0.302	2587	177.571			81	28
88.3321		0.823	2450	325			145	20
19.9447		0.243	1753	559.804			79	32
22.3922		0.388	2063	621			82	41
29.417		0.391	1826	633.196			91	34
35.4493		0.295	2286	625			96	31
25.1174		0.307	1481	566.927			86	28
22.4712		0.35	1886	602			84	42
59.3633		1.35	6182	117.45			115	22
70.5689		0.519	2107	257.081			127	27
32.0108		0.27	1608	767.733			90	37
28.445		0.283	1549	496.103			92	31
25.6162		0.459	1617	986			85	38
31.469		0.267	2824	168			94	31
35.5812		0.36	1626	847			96	41
39.913		0.464	1670	404.99			103	19
27.4066		0.353	2040	493.141			89	43
26.0013		0.38	1395	422.084			90	41
33.1063		0.349	1822	503			93	26
27.4708		0.381	1961	510			86	24
26.164		0.341	1509	487.967			93	36
28.1252		0.408	1179	428			87	28
41.9352		0.373	1906	531			105	27
37.6697		0.344	1626	426			101	30
29.0699		0.285	2229	288			89	36
47.1821		0.319	2264	262.459			111	24
37.5733		0.389	2032	625			99	35
24.0056		0.39	1697	1138			82	37
25.717		0.351	1479	619.137			86	38
28.5073		0.441	2059	279.68			87	29
26.7873		0.297	1957	719.911			89	36
30.8344		0.374	1770	442			94	34
37.9499		0.718	2559	255.311			99	27
27.4339		0.399	2753	453			88	31
29.7766		0.395	2368	309			90	26
27.7255		0.386	1875	347.438			87	27
43.6264		0.414	2010	284			104	29
31.9352		0.399	1794	620			94	32
31.4881		0.361	1339	420			94	33
29.9387		0.415	1256	972			88	28
35.6246		0.327	3679	556			98	23
25.8813		0.341	2167	350.285			85	32
33.6998		0.33	1484	520			96	31
27.3054		0.434	1961	314			91	38
37.0115		0.379	1866	421.456			97	26
37.4005		0.28	2280	509			97	31
32.0066		0.342	1791	450.575			92	28
30.5751		0.622	1960	421			90	26
36.3789		0.383	2306	507			95	37
29.9596		0.378	1568	367			93	34
27.858		0.332	1093	748.45			90	32
29.9761		0.404	1993	265			91	22
23.986		0.321	2343	294			82	29
21.2775		0.371	1712	851			82	44
30.1058		0.303	1701	878			92	39
28.9947		0.383	1826	780			92	31
27.4677		0.344	1938	364			89	29
21.1651		0.373	1406	323.205			82	39
28.9131		0.316	2585	247			91	40
36.6508		0.527	1874	514.133			101	29
22.0046		0.353	2189	864			83	40
25.3673		0.408	1234	714.04			86	30
38.0167		0.429	2735	429			99	25
28.8335		0.328	2707	316.645			88	33
24.8249		0.358	1427	414			84	34
28.8525		0.321	2110	283.715			89	30
38.4735		0.435	2420	212			100	22
35.5208		0.372	2172	443.425			95	34
23.4153		0.374	790	515.695			84	31
37.9041		0.307	1613	475.932			98	29
42.4633		0.373	2250	265			105	23
37.7724		0.409	1384	364			99	31
24.5098		0.282	2214	178			86	32
26.2643		0.426	1915	486.763			88	43
34.8239		0.381	1885	257			97	21
33.57		0.42	1748	1091			95	41
35.5641		0.32	1703	428			97	40
24.3163		0.334	1991	661			83	31
25.7667		0.397	1228	548			84	30
23.4617		0.326	2060	564			85	36
31.3341		0.41	1322	417			90	28
35.1017		0.407	2569	466			92	28
22.9291		0.407	2758	337			82	36
30.2248		0.362	2529	509.633			89	38
26.5917		0.533	2402	506.83			86	32
36.4448		0.345	1950	352			95	23
30.4505		0.424	2003	399.124			86	35
26.2797		0.484	1976	522.12			89	26
31.9802		0.396	1516	506.022			93	31
23.7678		0.296	2045	377.218			82	32
28.5687		0.288	2415	467			90	36
23.6037		0.424	2404	440.066			86	32
42.9615		0.938	2280	527			108	23
32.9697		0.308	1656	200			96	31
36.7722		0.354	1682	445.436			96	26
36.8409		0.493	1514	512			101	30
33.3943		0.392	2068	506.028			98	29
26.6913		0.389	2020	840			85	34
32.82		0.359	1975	319			94	32
31.5434		0.47	2042	710			89	24
31.5906		0.346	2394	392.589			89	28
28.4383		0.354	2252	297.491			88	34
41.617		0.386	2704	301.186			100	21
24.9863		0.354	1885	574			85	36
26.6989		0.279	1776	577			86	36
25.7662		0.255	2009	193			85	31
43.5058		0.284	1784	263			105	26
33.3072		0.386	2817	448			91	29
25.1286		0.359	2226	414.222			86	35
43.7938		0.756	3463	152.972			109	28
51.1633		0.358	1637	240			108	35
37.4078		0.588	3555	200.881			99	32
31.3657		0.342	1479	720			93	38
26.6413		0.318	2496	292.566			86	33
35.7191		0.44	2093	490			92	30
21.9519		0.317	1628	834.937			82	38
28.9468		0.401	1677	653.686			89	28
19.2201		0.348	2486	655			78	37
22.976		0.286	1896	286			81	32
36.5412		0.513	1487	389			97	36
22.2698		0.311	1477	1064			81	37
27.9808		0.36	2262	498			89	31
27.1921		0.377	2383	559.804			86	26
55.0559		0.786	3539	350			115	22
27.2415		0.312	1610	848			89	35
35.6846		0.407	1982	323.606			100	31
32.7795		0.325	1918	819			94	42
26.7482		0.377	2651	395			90	29
28.3791		0.434	1491	336			88	30
22.0763		0.269	1612	482			78	35
27.5173		0.273	1913	348.422			87	25
38.347		0.291	2464	247			97	34
36.7029		0.356	1663	494.037			100	33
39.2452		0.359	1909	517			96	36
24.1976		0.29	1761	551			84	31
25.2215		0.396	1773	680			89	32
28.4697		0.301	2871	331.969			93	35
33.8678		0.326	2184	248.061			95	32
47.9446		0.379	1666	323			110	26
31.3169		0.417	1964	499			93	41
17.2343		0.253	2469	1125.31			76	38
21.3781		0.388	1933	418			82	41
31.8311		0.374	1931	449			94	33
22.1416		0.334	1678	737.31			80	42
27.4787		0.36	1647	587			84	34
27.4942		0.362	1405	693			89	33
33.9896		0.527	2104	404.411			91	28
31.9332		0.368	2262	611			92	37
25.4595		0.286	1953	659			87	34
43.3983		0.359	1829	322			104	23
42.8967		0.55	2127	340.964			101	24
19.4921		0.249	1656	515.695			79	36
32.1883		0.349	1550	696			91	38
36.0546		0.514	1618	398.803			98	23
28.667		0.383	2266	672			88	34
31.3343		0.419	1991	337			93	38
29.6212		0.319	1937	268.587			91	36
26.4877		0.719	1783	762			88	32
28.6485		0.393	2053	588			88	36
28.3353		0.369	1354	552			89	33
27.7074		0.388	2010	585			88	27
27.4135		0.33	1674	276			89	31
31.1621		0.419	2832	372.317			90	28
30.7456		0.35	1795	412			87	27
32.8279		0.328	1786	408			92	26
30.9569		0.365	2008	503.324			95	31
29.313		0.303	2237	361			90	36
41.4287		0.404	2024	525			102	25
28.2465		0.423	1571	549			89	31
30.5384		0.307	2104	314.769			91	31
33.262		0.337	2429	340			94	34
36.6875		0.274	1773	590			98	35
22.6801		0.352	2110	299			83	31
35.2685		0.406	1550	455.283			94	30
29.8647		0.367	1315	471			90	31
28.8099		0.399	1777	454.372			88	27
27.1293		0.407	1368	373			86	30
40.7093		0.686	2448	190			102	21
25.1806		0.4	1514	434.303			85	36
23.0113		0.348	1599	862			85	36
22.9481		0.35	2180	444.338			86	25
45.4612		0.475	1861	329			103	36
31.6916		0.364	2837	279.456			91	33
25.3116		0.335	2399	655.952			85	32
34.9182		0.332	1282	722.839			94	32
27.3104		0.334	1951	261			89	33
29.8996		0.422	1512	443			88	40
34.818		0.398	1937	323			94	39
35.9014		0.42	2278	746			101	29
20.6677		0.354	2008	947.768			83	38
31.5816		0.372	2183	508			93	37
36.4496		0.34	2755	345			98	28
34.59		0.46	2234	555			94	35
22.3389		0.286	1585	600			81	27
28.4278		0.426	1780	454			89	30
42.597		0.47	2213	407			99	24
28.4792		0.381	1996	661.228			88	33
26.527		0.363	2174	306			89	31
46.1887		0.508	1892	383			105	25
30.5564		0.393	2270	420			94	35
31.8066		0.32	2031	421			94	39
27.0037		0.276	2097	273			88	32
38.8926		0.458	1738	726.143			98	32
23.7572		0.321	1524	467			84	31
23.968		0.34	1810	668			85	36
34.3259		0.414	1485	873			92	34
31.9134		0.388	1462	660			94	28
26.3951		0.386	3280	180.258			88	30
58.6545		0.363	2006	301			123	24
21.5494		0.253	2366	425.434			81	31
37.4545		0.375	1546	815			98	32
26.437		0.323	1913	379.065			85	26
33.9781		0.53	2388	248			92	26
30.1678		0.312	1943	379			92	29
40.8881		0.386	1880	251			101	28
25.4286		0.316	2205	957			86	30
32.7841		0.333	2125	200.881			94	26
41.9984		0.324	2340	258			104	21
34.0416		0.477	1895	584			96	36
28.2508		0.314	1862	490			89	35
30.7999		0.367	2254	479			91	30
32.4901		0.385	1874	266.048			99	26
23.4134		0.331	2511	281.147			85	28
27.0287		0.337	1857	533.321			86	36
25.5857		0.339	1815	231			86	43
37.0467		0.413	1568	662			97	27
33.2534		0.445	2500	239.453			95	31
25.0551		0.336	1925	342			84	36
28.5485		0.373	2065	459.499			89	32
37.7039		0.424	1612	626			103	26
25.8069		0.331	2139	421.77			87	37
25.0286		0.271	2369	476			86	45
23.3471		0.379	1593	419			81	31
39.9657		0.405	1542	394			100	31
59.9353		0.465	4698	139			114	24
30.4815		0.301	1715	956			89	41
28.6784		0.328	1953	512.475			92	32
32.2659		0.389	1980	548			90	27
21.7938		0.338	1670	782			85	33
26.5		0.349	1770	189.667			91	38
25.325		0.286	1778	261.461			83	37
35.4302		0.345	2281	430.451			97	35
30.7155		0.357	1401	712			86	33
22.2738		0.244	1686	200.662			84	36
30.1755		0.403	1685	521			92	29
29.4816		0.268	2776	384.785			86	31
43.0491		0.439	2205	335			102	27
41.4047		0.379	2484	455.283			101	22
19.2974		0.295	2009	1166.08			80	40
31.9854		0.33	2682	468			91	31
40.8203		0.437	1546	614			100	33
25.9892		0.331	1762	289.376			89	40
25.7344		0.428	1453	502			86	38
25.0523		0.374	2536	519			84	31
31.827		0.365	1737	607			92	29
23.8015		0.357	1417	331.322			83	35
23.8753		0.409	2380	403.071			83	36
49.3174		0.367	2036	430			107	27
26.4882		0.268	2290	204			85	25
27.2008		0.314	1817	585			87	40
27.2181		0.422	2096	563			88	33
40.6707		0.368	2268	388			102	25
30.1127		0.278	1003	186.616			91	20
36.3996		0.372	2460	509			95	39
27.2331		0.338	1974	561.585			89	28
33.9623		0.336	1819	516			96	37
26.3403		0.358	1468	288			87	34
32.1457		0.388	1893	658			89	27
25.7502		0.331	2269	227.186			85	29
27.27		0.314	1999	296.409			91	41
28.8462		0.359	2335	560			89	34
36.9514		0.374	2138	137.871			101	23
32.4074		0.486	1937	354.938			91	36
31.1713		0.434	2183	242.052			94	29
47.0361		0.404	1459	752.728			110	31
26.685		0.425	2122	545			86	41
23.1304		0.345	1760	368			84	35
35.8825		0.404	1920	522.054			96	24
32.022		0.274	1555	422.014			94	32
27.5944		0.337	1823	279			88	40
31.1735		0.323	1887	293.147			94	31
36.4346		0.381	1486	466.202			94	26
36.7105		0.352	2270	465.293			98	27
27.6934		0.344	1599	594			89	30
25.5449		0.436	2029	450			86	33
35.8653		0.367	2248	687.279			98	28
31.5441		0.319	1102	707			90	27
24.388		0.297	1722	437			83	36
26.0022		0.248	2728	212.698			87	37
36.8202		0.32	1554	517			101	31
24.8417		0.369	1771	452			84	36
25.2896		0.375	2112	514.133			86	30
52.2107		0.358	1751	814			107	30
27.8959		0.414	1950	718			90	31
30.8433		0.345	1669	423			91	38
26.3359		0.375	1794	415.029			86	27
38.842		0.278	1946	216			97	25
29.5518		0.313	1664	882.567			91	34
22.8476		0.392	2077	331			82	32
32.8497		0.362	2342	263.4			95	36
26.9295		0.364	2238	881.383			86	32
23.2677		0.299	2109	158.074			85	26
33.7901		0.413	2011	357			95	38
36.3733		0.534	2267	213			96	29
38.2478		0.38	2003	320.014			101	26
27.9776		0.292	2134	820.635			89	28
31.4814		0.53	1683	296			90	28
33.526		0.424	1511	416.583			91	33
20.3833		0.282	2090	362			81	30
32.284		0.355	1652	512			92	35
19.9905		0.322	2032	639			79	37
62.0617		0.401	2249	385.539			120	25
35.7548		0.399	2002	516.832			98	29
21.8746		0.255	2050	568			83	33
27.4885		0.356	2356	252			88	33
38.1466		0.41	2276	404			98	26
28.839		0.446	1849	576			91	30
24.6561		0.354	1784	752			83	39
33.697		0.356	1684	648.087			95	29
27.4968		0.303	2243	380			88	29
24.1113		0.411	1264	478.911			84	32
30.8116		0.322	1625	917			91	37
30.927		0.305	2238	848.357			93	26
22.5307		0.293	2161	318			83	36
31.3853		0.306	1505	368			91	36
36.9252		0.349	1871	672			100	29
44.4078		0.393	2290	669			104	27
36.9784		0.37	1974	510			97	30
36.8227		0.356	1762	314			102	25
25.6273		0.332	1340	630.563			88	41
28.1863		0.348	1771	812			90	33
35.7419		0.256	2204	211			93	20
29.0208		0.459	2389	250.857			89	30
35.572		0.381	1387	486.157			95	32
25.6359		0.333	2324	183.008			89	29
33.61		0.339	1885	222.536			91	37
24.8918		0.273	1612	383			88	43
23.6698		0.397	1840	251			85	35
31.6869		0.485	2111	746.738			91	28
28.2225		0.363	1608	434			90	24
25.7446		0.308	1607	702.863			86	38
29.8625		0.444	2245	630.135			89	34
32.7861		0.344	1438	442			93	33
25.9285		0.338	1278	211.249			87	27
35.0524		0.336	1315	831			94	33
23.088		0.345	1612	635			83	33
26.1622		0.347	2185	1258.95			87	31
20.2242		0.286	1715	528			80	35
26.466		0.396	2060	527			86	32
39.9471		0.568	1484	300.678			100	22
22.1847		0.352	1840	789			84	41
25.6407		0.474	2072	344.333			82	35
29.4085		0.543	908	805			91	31
38.8992		0.268	1755	254			98	37
32.0405		0.279	2460	422			97	33
28.6749		0.368	1721	168			89	27
36.703		0.389	1876	410.433			95	29
29.4496		0.355	2253	312			88	31
28.0143		0.393	2322	337.078			88	33
31.3391		0.313	2144	452.065			92	35
37.0535		0.668	2531	325			100	35
27.8494		0.336	2096	424.158			87	29
33.0809		0.566	2037	474			90	30
31.2153		0.394	1736	508			89	24
22.168		0.311	2085	1317.18			83	36
31.4782		0.355	1494	322.731			95	28
31.5563		0.406	1994	254			90	31
22.2558		0.339	1683	579.368			80	30
23.3354		0.403	1804	549.225			83	34
31.8566		0.37	1857	386			90	30
30.8725		0.478	1772	421			93	29
31.945		0.42	1852	405.28			92	26
59.952		0.336	3020	121			118	22
30.0536		0.289	1997	1013			92	41
35.4114		0.386	2169	570			96	31
31.9077		0.434	1425	459.522			95	32
25.5809		0.252	2058	553.491			85	35
23.8195		0.343	1607	656.825			81	32
30.7355		0.325	1713	668			91	27
40.5262		0.385	1665	365			100	29
14.9332		0.172	2841	2979			75	26
24.6187		0.278	1731	598			85	37
37.8126		0.265	2220	299			102	27
29.411		0.355	1558	488.221			92	31
26.6422		0.316	1886	385			91	39
29.4451		0.373	2020	417			87	30
24.2545		0.418	2824	310.175			81	34
30.8128		0.384	1982	531			90	31
24.9233		0.396	2302	394.774			83	31
27.2413		0.319	1722	667.288			85	37
25.1891		0.401	1929	436			84	34
46.4375		0.4	2317	501			108	25
35.4829		0.539	2191	483.441			94	26
22.5926		0.337	1678	288			83	31
28.6339		0.434	1962	871.862			87	28
25.7132		0.412	1088	837.456			88	39
42.937		0.25	1814	564			106	32
32.8351		0.357	2049	281			92	31
37.0649		0.336	1590	715			100	29
26.4172		0.237	1804	340.964			84	32
31.4692		0.335	2210	473.579			92	33
52.3097		0.429	2632	377			109	23
31.6297		0.371	2094	527			90	29
26.5831		0.346	1786	361			90	32
32.6329		0.383	1711	564			94	31
26.4867		0.379	1606	387			88	31
21.3897		0.313	2447	293			81	35
22.7185		0.304	1792	327			82	39
31.6286		0.418	2063	319			90	34
40.1652		0.316	2421	323			100	28
32.7077		0.359	1347	620			94	30
30.6936		0.372	1812	345			90	31
39.6391		0.282	1162	766			101	32
23.3408		0.334	1981	407.381			84	34
33.2912		0.374	2510	456.197			93	32
29.1347		0.386	2161	315.103			89	29
34.5043		0.363	1779	430.451			94	28
36.465		0.372	1658	432.453			99	33
28.8059		0.417	2319	389.236			91	42
32.1457		0.466	1983	469			95	24
35.7243		0.573	2495	461.656			98	43
26.5566		0.323	2370	726.495			85	35
38.5744		0.477	3057	275			102	28
29.1551		0.391	1694	918			88	30
30.1076		0.335	2020	436.583			88	34
38.2836		0.412	2023	501.52			97	33
23.0753		0.332	1345	935			80	28
29.9461		0.345	1663	534.784			89	31
33.6154		0.274	2677	331			91	29
32.9179		0.528	2370	385.539			95	30
30.7826		0.403	1679	553			91	30
25.9604		0.411	1305	686			85	35
24.6041		0.36	1541	485.252			85	37
33.6018		0.389	2211	437.262			95	29
22.5459		0.318	1833	1093			86	36
33.0138		0.449	1788	408			92	33
40.3556		0.423	1589	688			107	29
24.8772		0.305	1908	572.263			83	38
25.7586		0.375	1751	442			85	30
24.2004		0.35	2095	695			85	37
40.4247		0.27	2487	253			101	25
30.1841		0.363	1700	719.911			88	39
29.278		0.306	2122	504			88	38
26.1408		0.38	1755	188			86	32
35.3835		0.401	2222	579.133			98	28
22.4312		0.319	2164	1004.77			82	41
27.9323		0.33	1779	361.446			87	33
28.4231		0.371	2386	585.378			85	25
27.5655		0.383	2093	449			88	35
27.2222		0.36	1911	818.949			87	34
39.1443		0.322	1554	754.437			98	37
26.8301		0.38	2243	480.917			87	30
37.1526		0.59	1963	344			100	34
33.7818		0.459	1550	402			95	32
35.6699		0.412	1602	525			94	30
91.0509		1.321	4297	126.046			139	15
34.6411		0.358	1582	438			95	34
25.525		0.367	1802	471			87	32
28.7973		0.278	2709	243			90	37
38.7597		0.312	2311	402			102	27
25.6711		0.389	1380	814			89	43
20.0259		0.276	2069	323			80	31
38.1232		0.426	1571	400			99	23
28.188		0.327	2254	1169			89	40
29.7389		0.344	2022	488			88	41
32.1595		0.45	2289	231.252			94	38
48.1031		0.265	1599	200.204			109	30
32.0004		0.482	1708	568			93	43
21.2593		0.373	1810	776			83	33
30.5977		0.53	2166	295.031			91	30
38.2417		0.322	1753	544.466			100	24
21.3526		0.408	2488	396.942			83	33
27.6626		0.38	2082	542.083			87	35
48.3597		0.58	1901	261			105	28
32.0491		0.387	1876	667.288			96	31
32.0114		0.278	2034	333			91	34
27.2196		0.315	1851	469			88	30
34.5398		0.375	1853	557			98	33
34.1981		0.429	1573	450.575			98	33
29.3664		0.244	2166	926			90	35
28.3573		0.564	1803	483			89	26
38.4654		0.343	1927	305			96	26
30.2614		0.361	1880	350.285			89	36
37.2529		0.385	2438	596			97	37
28.5069		0.368	1676	372			90	27
26.5133		0.299	2375	361			87	36
24.432		0.319	1966	585			85	40
36.2266		0.38	1942	296			98	25
29.309		0.338	2292	247			87	32
26.0895		0.379	2320	651			85	41
26.119		0.452	2128	602			86	32
31.5262		0.394	1592	500			90	28
22.8112		0.309	2073	1791			84	26
25.0225		0.302	2055	462.565			84	24
41.2311		0.317	1552	696			106	26
25.3828		0.4	1475	1023			83	28
36.8663		0.312	2217	760			97	41
27.8164		0.547	2219	234.274			88	30
35.2827		0.359	1850	718			99	33
23.7736		0.313	1716	971			84	32
30.2385		0.397	2629	309			91	32
39.8567		0.331	1446	761.275			102	28
21.9147		0.275	2094	797			81	38
39.7556		0.297	2156	590.006			106	33
32.0687		0.397	1928	551			92	33
33.1021		0.302	2304	365			95	33
20.6412		0.334	1930	877			80	35
27.6191		0.393	2031	586			87	25
34.8101		0.368	2177	509.25			93	25
28.5847		0.287	1443	654.441			93	34
30.7519		0.388	2895	394			94	28
26.3884		0.361	1801	251.035			87	24
35.7126		0.515	2294	494.683			97	38
35.0482		0.361	2053	192.17			96	26
36.5165		0.283	1706	235			95	29
31.6795		0.29	1932	527			89	30
23.5367		0.244	2053	588.235			82	38
30.8295		0.496	1223	401.228			92	41
36.3796		0.378	1821	533			97	31
23.0253		0.234	1478	558.714			86	32
19.2726		0.336	2044	263			79	39
26.7631		0.426	2269	274.265			88	40
39.0338		0.258	1568	466.202			103	26
31.4167		0.327	1906	367			94	30
28.9569		0.345	2187	308			88	33
34.4093		0.407	1822	258.249			94	26
30.5822		0.348	1762	723.562			94	30
22.1977		0.301	1948	307			81	32
25.7211		0.418	1974	655.952			87	33
27.6062		0.373	2303	430.238			89	32
34.078		0.305	1901	692.479			96	35
29.9015		0.41	2186	351.431			90	34
33.2872		0.379	1885	410			92	29
28.3309		0.442	1863	535			91	37
40.3886		0.379	1879	350			97	33
31.0145		0.452	1971	462			92	32
45.8254		0.324	2403	281.787			102	27
30.1013		0.382	2083	503			87	30
31.1895		0.431	1680	600			91	30
23.7313		0.355	1782	526.714			85	37
29.4751		0.282	2194	263			90	28
34.6029		0.45	1954	367			96	32
41.9502		0.413	2137	724.423			105	24
29.8584		0.421	1939	609			86	28
25.5258		0.272	2410	336.297			86	33
26.2328		0.376	1988	614			82	27
29.0953		0.439	1391	418			90	27
27.4429		0.409	2328	518			88	33
24.6374		0.42	1911	430			86	36
25.7579		0.368	1612	300.752			86	33
33.1521		0.308	1730	462			95	34
28.6611		0.329	1338	301.619			90	33
32.1655		0.381	2638	616			92	34
27.0604		0.315	1478	605			89	32
29.3718		0.328	1480	368			88	34
28.5414		0.376	2838	497			88	38
24.1666		0.453	2127	509			84	32
34.2412		0.339	1989	482.472			95	26
24.2746		0.356	1863	504			84	34
23.4079		0.256	2046	536			83	30
31.637		0.477	1910	904			92	35
36.492		0.34	2177	649.836			94	31
30.0871		0.393	2025	401.228			89	25
37.8215		0.347	2000	435			102	31
25.5347		0.395	1554	408.943			86	36
35.3588		0.325	1844	524			96	33
30.4807		0.391	2041	473.468			92	27
34.121		0.394	2398	261.005			96	26
31.3874		0.353	2022	471			93	26
23.2419		0.369	1610	945			86	38
29.8675		0.442	1960	391			89	27
33.8113		0.373	2553	281.827			89	25
21.6045		0.31	2006	425			82	44
24.7106		0.382	1754	325.409			85	33
42.6639		0.404	2056	403			104	25
37.986		0.383	2245	875.079			102	31
34.3791		0.3	2595	420			97	32
33.1468		0.371	1991	390.006			95	35
30.1436		0.333	1959	387			91	29
28.145		0.427	2401	419			88	39
33.751		0.341	2194	524.186			95	34
24.9145		0.328	2136	403.071			85	28
28.8778		0.363	2488	318			90	31
28.7302		0.377	1648	450			91	31
30.3508		0.497	1788	469			90	27
35.1015		0.276	2438	447			98	24
34.0376		0.393	1849	232.486			95	29
30.7469		0.371	1459	794			92	33
32.5793		0.273	2012	276			98	29
34.6958		0.344	1656	459.836			96	28
23.8196		0.444	1411	776			85	35
27.8023		0.348	1756	388			87	33
30.3884		0.558	2098	424			91	29
36.8341		0.396	2445	366			96	29
27.263		0.459	1508	614.035			88	38
32.2887		0.283	2094	611			96	30
36.2872		0.358	1973	262.901			95	29
26.1803		0.317	2381	754.797			85	35
25.1524		0.354	2277	218.282			86	29
36.1698		0.385	2290	314			96	29
29.4807		0.344	1673	651			88	37
30.9135		0.325	1841	354			94	33
35.0951		0.425	1020	244.946			98	28
48.8418		0.329	2160	578			107	33
32.4999		0.385	2208	224.925			94	27
28.3899		0.507	2203	611			86	32
21.5736		0.347	1703	277.734			78	29
25.1938		0.311	1282	508.444			90	40
31.0547		0.431	2219	317.475			94	28
23.1622		0.365	1656	668			82	30
30.2486		0.372	1903	259.108			93	31
25.0359		0.395	1829	641			84	40
22.6086		0.314	1579	485			81	36
26.4568		0.382	2347	360.328			89	34
32.3735		0.43	2323	688			92	34
28.6145		0.489	2136	424.597			89	36
35.7516		0.383	2387	423.29			95	32
37.6026		0.452	1460	406.858			96	25
25.4338		0.363	1922	504			84	38
29.6708		0.4	2274	735.593			91	42
40.3247		0.455	2173	561			103	28
29.8683		0.326	1883	451			93	29
24.7958		0.37	2042	292.057			84	30
30.8361		0.431	2031	803			90	44
35.4743		0.502	2172	198			95	25
33.8949		0.361	1585	620.017			95	29
36.0149		0.425	2322	465			98	31
30.6455		0.372	1858	586			90	36
26.0444		0.423	1911	496			86	27
28.3763		0.3	2122	272			87	32
25.3778		0.39	1966	549			84	38
41.5255		0.441	1500	319			103	25
37.6796		0.328	2815	296.323			101	25
34.5617		0.482	2212	254			96	27
29.0611		0.268	2175	895.019			89	33
30.5564		0.422	1408	573.152			92	34
28.7413		0.34	2361	253			90	32
25.4562		0.334	2303	340			87	35
24.0448		0.337	2253	351			82	36
30.3939		0.438	2148	525.327			87	34
32.6601		0.42	1920	399			92	21
34.9688		0.336	1797	565.147			96	29
28.9631		0.346	1872	427.944			88	35
33.9245		0.343	2303	327.976			95	25
23.8343		0.41	1141	605			84	34
24.0806		0.349	1789	363.267			83	32
28.0582		0.347	1637	465			89	30
39.3763		0.435	2367	403			101	25
26.9545		0.373	2298	447.077			87	34
32.4084		0.297	2211	245.805			91	26
65.8121		0.636	3299	263.849			129	16
30.667		0.45	2070	1161			93	40
26.957		0.351	1993	661			89	36
27.3029		0.327	1716	554			89	30
22.8921		0.341	1494	384.615			81	29
30.4712		0.361	1918	702			91	37
25.3966		0.383	2605	514			86	29
50.7403		0.25	2520	288			107	33
29.3839		0.412	2519	249			93	31
24.9255		0.329	1545	877.577			84	34
37.6687		0.281	2761	507			100	27
29.021		0.298	1494	711.499			89	30
31.3098		0.28	2039	330.69			91	33
29.534		0.315	2273	401			93	33
29.0782		0.335	3336	312.641			89	25
25.449		0.297	1947	525			85	32
37.1549		0.484	1860	482			103	29
30.0022		0.381	1497	429			90	31
34.1614		0.388	2339	522.225			95	33
29.6087		0.31	1876	609.447			90	33
31.0595		0.278	1444	349.149			94	32
36.267		0.303	1961	424			92	27
24.4738		0.257	1569	261			87	36
26.6442		0.488	2028	328.82			83	31
29.6544		0.411	1225	382.2			88	32
30.474		0.308	1773	472			90	34
24.139		0.352	2532	324.742			85	42
29.7047		0.368	2704	644			93	33
37.0941		0.589	3048	520.428			95	25
25.6185		0.409	1584	1127			87	35
27.3557		0.349	1878	279			86	30
26.4186		0.33	1951	582.258			87	32
36.4078		0.335	1601	240			97	30
24.7824		0.339	2627	492.975			85	33
32.4481		0.511	2033	792			91	32
31.4017		0.344	1820	353.95			90	28
31.7777		0.302	1865	192			90	33
29.8721		0.342	2424	558.021			86	42
27.7051		0.464	2499	187			89	33
29.8557		0.365	2188	712.362			89	38
28.7414		0.358	1802	480.82			87	34
38.5795		0.426	1537	471			100	29
53.4429		1.751	4795	133.346			108	17
51.0464		0.409	2808	174			119	24
26.3861		0.331	1722	690.746			85	37
27.2411		0.272	1974	863			89	34
34.524		0.365	2077	274			94	31
29.1423		0.402	2642	395			92	30
26.6404		0.354	2411	773			88	31
26.1026		0.408	1854	557.924			90	33
38.1592		0.395	2307	407			100	35
34.8668		0.296	2207	234			96	27
46.6242		0.593	3402	304			100	33
49.7935		0.457	4280	306.927			112	31
110.948		1.202	2961	159.417			156	10
40.8915		0.302	1557	337			102	27
28.4085		0.253	2059	249.609			87	32
29.4765		0.338	2906	449			87	33
24.4186		0.367	2036	400.307			86	30
23.6615		0.416	2169	242			85	33
39.3028		0.381	2330	1025			103	31
30.1506		0.341	2314	850.869			93	30
26.2898		0.343	1862	354.008			88	28
29.1199		0.325	3240	193			90	31
38.4186		0.377	2078	795.287			104	33
30.8335		0.407	2020	349			90	31
25.7401		0.347	2647	355			87	26
38.8164		0.313	2821	345.94			97	34
29.5377		0.315	2520	881			91	33
32.5702		0.392	2344	372			91	27
32.9298		0.281	2089	725.282			90	29
22.5941		0.338	1562	806.072			83	35
32.2043		0.476	1814	433.368			92	35
31.0809		0.392	1805	454.372			87	27
23.8711		0.376	1126	516			82	34
24.7266		0.269	2526	264.797			86	30
37.438		0.399	2188	381.489			96	31
33.1236		0.355	1311	499			91	20
25.1754		0.398	1810	596			85	39
25.9537		0.388	1649	495.488			88	25
27.1519		0.417	2204	692			85	30
29.5881		0.31	1988	662.734			89	36
25.7075		0.359	1592	373.507			85	32
36.8885		0.372	2658	268			93	29
35.5891		0.359	1706	476.19			97	29
30.1459		0.369	1616	608			93	40
30.9699		0.364	2320	456			86	23
42.9266		0.408	2901	377			104	28
26.6214		0.274	1706	676.86			85	29
25.3648		0.355	1818	358.769			86	35
25.3953		0.297	2207	234.464			86	36
31.1971		0.349	1533	532.992			92	35
30.4262		0.323	2351	411.919			91	30
37.3188		0.342	2041	567.817			97	37
25.0284		0.447	2029	344.694			88	26
30.0188		0.403	2237	361.446			89	34
28.0581		1.238	5706	279			90	31
26.0834		0.496	2195	667.995			85	36
35.3665		0.726	2932	231.692			94	26
44.6238		0.548	3739	199.669			111	24
37.4345		15.136	8632	509			66	15
0.0163383		4.868	5569	246.757			84	7
49.0477		9.95	6188	258.158			90	17
64.9777		9.402	6406	241.19			125	14
1.92463e-12		4.335	3109	366.088			72	24
28.0311		0.323	2371	480.022			91	31
33.9084		0.471	3007	309.192			93	24
52.171		0.775	3774	395			114	30
34.6907		0.469	3086	666.418			97	28
79.927		1.08	5574	153			134	15
54.5714		0.532	3391	134.218			119	16
67.7962		0.945	5644	186			127	19
51.3663		0.522	2493	623			117	26
28.9287		0.552	2013	353.077			90	33
40.2234		1.504	3461	301			102	27
41.917		0.524	2966	155			109	23
52.2531		0.34	1954	551.601			120	21
43.2635		1.092	2980	150.136			105	27
68.5207		1.012	4228	195.691			122	17
97.1894		0.69	3258	182			153	13
36.0359		0.607	3331	260.483			97	26
46.4049		0.777	4084	250			110	26
58.3114		0.502	5584	236.28			124	15
51.3498		0.395	2447	643.712			114	22
50.9325		0.333	2583	327			116	21
47.3504		0.422	2639	310.077			111	22
37.8988		0.485	4290	228.812			99	33
42.9769		0.372	1692	389			105	26
34.4222		0.427	2346	378.139			94	29
39.9901		0.357	2281	357			101	25
47.5126		0.518	3510	280			112	23
60.0241		0.604	5432	234			124	19
57.4513		0.525	2842	213.136			121	18
90.5494		0.68	4536	150.849			153	16
60.6103		0.89	6316	178			125	18
71.1026		1.304	5159	102			128	17
99.2161		1.832	7157	93			156	22
62.7449		0.435	4423	178			127	26
71.8199		0.343	2722	252.461			135	25
56.1865		0.397	2258	565			111	28
91.2791		1.366	4058	189			145	14
54.6515		0.563	2637	417			121	24
57.9717		0.549	3402	258.456			115	15
78.1836		0.596	3454	305			136	17
38.5942		0.543	3741	124			102	29
73.1991		0.887	5320	191.27			136	14
66.0682		1.015	5307	140			140	20
55.1051		0.391	2676	269.147			118	19
60.0445		0.39	3043	154.963			123	24
38.0837		0.516	3976	352.296			103	24
32.6128		0.4	3006	327.728			98	26
65.7986		0.469	2350	429.616			124	22
36.4878		0.374	3155	628.807			97	36
55.98		0.504	3538	135.148			115	25
49.7707		0.467	2262	401.03			109	29
39.1647		0.645	3020	91.0414			99	20
97.6368		0.487	4688	226			131	15
52.5686		0.487	4688	226			0	0
52.1789		0.487	4688	226			0	0
40.8587		0.487	4688	226			0	0
