104.579		0.894	6344	209.784			151	22
66.3521		1.172	3532	253.188			124	16
55.0427		0.618	2301	195.129			117	16
85.8448		0.682	4464	227.185			140	18
46.4051		0.704	3202	248.051			113	24
82.02		0.867	3385	130.502			138	16
85.859		0.496	2929	231.692			144	22
31.8703		0.941	2731	218.056			96	30
128.812		0.852	4177	156			182	18
78.0688		1.165	4903	184.13			136	14
53.2033		0.808	3311	165.739			114	21
94.3623		1.331	4705	176			144	19
59.9677		1.187	5184	83.5641			126	17
92.5626		0.567	3979	236			150	20
65.0793		0.855	4573	113			129	20
94.3071		0.978	4875	190.864			157	16
85.1376		0.763	4465	149.398			139	11
80.712		1.223	4473	93.6753			136	12
78.6223		0.734	5496	231.513			132	15
71.8868		0.769	4409	220.048			129	17
39.9293		0.524	3338	219.559			104	23
81.5858		0.793	4510	157.531			137	23
83.219		1.399	5835	133.346			141	16
94.5386		1.135	4168	124.028			148	13
96.612		1.427	4200	135			163	19
86.5537		0.887	4218	192.232			141	14
91.8213		1.179	4933	112			153	14
66.0022		1.078	4358	323			126	22
64.7654		0.454	3149	197.386			125	18
92.8629		1.574	5385	114			156	17
83.152		1.753	3230	198			142	18
63.0592		1.339	3593	243.902			130	19
78.3962		1.035	4730	155.295			146	17
74.8019		0.768	3625	128.171			131	16
112.177		1.443	3797	105.867			169	20
103.802		0.865	3394	153.582			164	14
63.3029		1.07	4185	95.087			129	20
66.9828		0.846	5024	183.33			138	19
72.323		1.534	4753	112			140	17
86.1498		1.131	4345	152.425			153	16
71.328		1.591	5513	218.971			137	13
86.7278		1.51	4611	203			146	16
65.8826		1.072	5339	80.6764			130	14
91.1266		0.474	5187	235			148	16
31.5657		0.6	2755	170			93	30
41.1454		0.837	3054	96.202			102	33
83.7687		1.17	4300	181.753			137	13
93.6289		1.979	4718	80.3489			144	14
104.299		1.876	5515	114.325			163	20
66.4317		0.801	3641	195.69			129	20
65.7867		0.964	4411	135.148			124	22
75.369		0.646	2709	240.419			136	17
107.294		1.448	5121	194.156			174	21
60.6467		0.908	4525	195			129	19
69.3606		1.22	3495	114.741			136	15
63.9944		0.532	4000	215.07			132	22
67.4765		1.068	3782	279			137	20
62.8241		1.191	4506	139.024			135	16
83.3461		1.143	3047	270			138	16
50.6489		0.656	5075	275.8			119	22
44.3649		0.537	3913	215.643			109	21
66.9274		0.537	3714	184			124	17
88.65		1.242	4596	134.927			147	15
60.3228		1.313	4408	135			127	19
56.8195		0.652	3271	278			124	18
79.4729		0.762	3036	354.938			135	19
116.636		1.305	4393	146			179	17
84.1825		1.01	3008	239			150	19
68.8606		1.19	4647	72.9653			140	16
72.9116		0.383	2586	269			135	27
64.0828		1.612	3040	205.499			126	17
51.1163		0.491	2695	309			119	23
48.4499		0.609	3381	458.925			112	22
44.9733		1.387	5940	123.456			107	32
97.3973		0.835	2307	404			154	24
49.7497		0.868	2719	192			114	20
62.4694		0.853	4069	130.502			127	22
82.7421		1.856	6025	138			143	14
69.9013		1.264	5005	141.509			130	19
93.9899		0.767	3956	289.376			153	17
45.3532		0.392	2453	462			106	25
35.7049		0.826	2544	213			96	23
38.6696		0.601	2451	652			102	29
35.0414		0.586	4754	140.644			98	18
61.2857		0.392	4049	566.927			118	24
33.6517		0.624	3194	261.005			99	20
55.7729		0.422	1601	426			112	26
44.2895		0.41	2022	920			103	31
20.5807		0.265	4167	397.763			83	33
35.876		0.293	1904	387.128			98	27
26.5546		0.395	1609	790.537			85	36
29.3081		0.369	1660	463			92	35
26.3951		0.375	1870	958			83	30
17.5351		0.262	2220	1278			79	32
23.674		0.349	1656	621			84	31
23.2683		0.292	1655	211.979			83	31
28.584		0.334	1483	648			90	37
28.8509		0.443	1457	433.79			88	36
25.347		0.292	1769	299			88	30
29.4264		0.387	2064	367.017			89	34
27.2469		0.403	2088	300			89	37
28.8715		0.298	2025	486.763			86	35
30.5253		0.356	1383	149.119			91	29
34.9605		0.416	1755	662			93	38
28.1986		0.355	2107	390			89	36
25.3545		0.372	2219	495			83	25
24.1901		0.3	2066	374			87	34
21.7991		0.31	2321	632.425			84	32
38.0068		0.45	2234	403.566			99	29
27.0362		0.378	2377	617.879			86	31
33.5785		0.507	1610	654			96	36
27.3176		0.306	1587	258			88	29
24.834		0.302	2319	281.002			84	28
27.1378		0.344	1459	630.563			88	41
29.5001		0.46	3539	183.925			92	24
32.2791		0.398	2838	491.132			93	33
30.2393		0.292	2080	927.236			89	28
31.2693		0.251	1699	245			92	25
45.9117		0.407	2738	564			106	37
29.2194		0.33	1735	615			90	35
32.6824		0.408	2210	204			91	29
32.7171		0.352	1432	871			89	32
30.5494		0.448	2124	250			90	31
25.7558		0.339	1962	838.189			86	37
24.5144		0.319	2505	367.017			84	29
19.3646		0.236	3144	465.773			80	32
31.5054		0.321	2297	579.133			92	31
26.8722		0.258	1829	369			90	38
31.5042		0.339	1582	394			92	36
28.8635		0.376	1637	767			89	35
26.8722		0.397	2110	480			88	31
31.1691		0.353	1989	549.097			90	36
25.3138		0.326	1634	384.822			82	35
24.1146		0.268	2516	217.695			82	30
26.5327		0.25	1495	327.976			86	33
35.4307		0.357	2755	514.89			95	31
38.2534		0.378	2381	355.749			98	25
27.0185		0.337	1409	416.866			87	33
20.22		0.34	2058	448.67			79	34
28.4121		0.332	1583	683.701			88	33
31.9633		0.36	1827	376.287			92	27
26.5999		0.31	1426	705.205			85	33
25.6174		0.385	2278	821			84	38
24.1731		0.29	2707	433.368			85	37
33.8266		0.29	2238	476.75			96	31
32.0212		0.377	2184	404.99			90	28
30.8188		0.557	2651	481			93	34
31.2462		1.268	3132	134			91	29
37.4721		0.31	1459	218			97	30
28.8457		0.31	1954	484.919			90	31
34.7949		0.315	1726	141.756			93	26
57.8748		1.351	4945	142			112	30
38.0992		0.38	1938	394			99	32
31.8306		0.435	1954	502.788			94	30
22.6578		0.293	2614	909.917			81	34
32.5529		0.332	1426	221.473			95	29
36.0096		0.351	1286	700			96	32
30.0493		0.362	1704	735			89	30
33.8498		0.339	2583	395.1			95	30
39.4303		0.309	2319	535			100	33
34.5175		0.357	2235	373			98	33
28.4555		0.268	1973	186			87	31
28.9295		0.347	1384	594.431			90	35
25.3501		0.334	2769	409.201			85	36
30.9131		0.409	2082	254			90	31
35.3273		0.319	1947	368			96	34
35.7819		0.51	2268	376.287			97	24
40.1117		0.345	1850	273			101	31
25.1895		0.501	2687	395			87	35
34.9856		0.321	2479	380			99	33
25.3468		0.327	1894	394.46			86	37
30.3762		0.388	2509	339			90	44
25.0246		0.425	2215	265.261			83	34
24.0701		0.323	2039	386.554			84	33
38.2198		0.445	2286	558.021			104	32
30.5754		0.389	2226	299.328			89	30
29.5141		0.323	1419	492			87	31
28.6651		0.448	2192	796.981			88	35
27.0668		0.35	1562	639.334			90	30
30.6076		0.424	3547	189.532			95	30
44.4664		0.389	1996	488			108	24
20.7426		0.255	1828	873.906			81	35
38.0914		0.236	2549	414.988			101	31
24.5838		0.334	1822	500.617			85	34
24.3177		0.409	1861	264.914			84	34
27.2265		0.338	1995	873			88	40
26.6245		0.442	1373	394			89	31
25.8907		0.31	1937	466.203			89	28
22.7815		0.291	2256	786.28			83	36
34.8333		0.459	2166	521			96	34
25.0774		0.338	1811	679			90	38
30.6434		0.412	1626	179.477			91	31
41.2921		0.219	1832	192			102	37
32.8212		0.281	2257	543.672			93	38
32.0488		0.322	2215	519.529			95	32
30.6657		0.325	2732	381			89	28
30.0763		0.297	2386	417.048			91	29
70.0426		1.373	5168	174			121	20
32.2059		0.224	1971	1021			92	42
36.1495		0.422	1736	446.08			99	29
29.036		0.363	3161	243			90	32
46.4462		0.514	2955	375			109	26
28.8927		0.39	1009	603.27			90	28
28.8639		0.36	2209	719.911			89	32
27.29		0.32	1960	708.154			92	39
23.7307		0.339	1110	768.947			83	38
20.3573		0.307	1317	360.063			78	30
29.4361		0.261	1766	429			92	36
27.9672		0.351	1953	277			90	34
24.0164		0.291	1857	304.669			83	37
32.5729		0.339	1971	317.475			92	32
34.7102		0.305	3079	544.629			97	27
28.3561		0.466	1731	733.018			90	32
34.3558		0.292	1900	389			93	23
23.642		0.385	1812	516			81	32
29.3017		0.327	2028	248.659			88	32
46.7226		0.281	3028	224			110	24
26.0345		0.303	2029	260			89	32
34.5026		0.382	2659	250			96	27
31.5864		0.324	1794	413			94	35
32.8465		0.326	2491	250			92	28
31.9291		0.339	2393	517.731			94	35
34.2522		0.267	2135	220.396			98	26
31.7929		0.463	1887	524			91	36
31.1571		0.327	2620	296.167			90	26
21.4925		0.297	2242	763			81	36
28.9914		0.429	2483	267			91	32
32.3927		0.384	1330	302			96	34
26.0435		0.319	2099	637			84	31
40.6876		0.305	2453	387			98	37
34.81		0.341	2008	175			94	24
34.6635		0.586	2366	495			95	33
24.3727		0.417	1753	647.632			84	29
29.3633		0.321	1997	407.674			90	34
39.4366		0.32	2175	302			98	30
31.9989		0.488	1784	364.361			90	34
31.32		0.452	1417	585			91	34
29.0836		0.346	1966	212.185			89	27
31.8302		0.37	2505	379			92	29
23.3948		0.446	1959	320			84	35
29.5083		0.363	1618	845.844			88	30
28.0128		0.585	2997	294.807			90	32
39.0615		0.389	1497	708			99	31
20.3661		0.272	2308	298.676			82	31
29.923		0.436	1625	780			89	41
26.1303		0.301	2360	463			89	35
34.5001		0.452	3421	171			94	31
40.6285		0.401	1916	376			101	29
41.8675		0.342	1751	678.598			101	28
26.0534		0.367	2280	358			86	31
35.798		0.4	1693	487			96	35
26.3297		0.383	2550	496.936			86	27
30.8414		0.281	2737	501.17			93	42
30.4234		0.387	2710	265.394			89	29
45.1553		0.354	1744	308			110	29
24.6037		0.326	1879	476			87	39
24.259		0.392	2152	481.629			86	33
29.153		0.312	1976	373			90	28
23.3554		0.259	2785	964			84	36
23.7647		0.397	1781	349.95			84	31
38.689		0.388	1480	352.296			99	34
29.2236		0.376	2679	633			88	31
30.3801		0.261	2152	592			92	36
33.2905		0.329	1840	527			96	34
25.3332		0.335	2242	486.763			83	28
29.0012		0.277	1926	470			90	31
29.3765		0.366	1983	355.868			89	29
25.9691		0.359	1793	320			87	31
28.1227		0.339	2360	344			85	35
29.2056		0.362	2485	276.362			91	41
49.5667		0.333	1880	223			109	28
29.0797		0.347	2275	416.082			91	38
38.1391		0.311	2923	364.232			102	35
30.3743		0.39	2125	321			89	27
25.6258		0.478	1970	298.984			87	34
24.8973		0.46	2260	299			83	34
34.1402		0.351	2256	259.674			92	26
25.8709		0.392	1915	520			84	36
33.7281		0.467	1268	630			96	30
27.1088		0.376	1459	378			90	32
28.9037		0.358	2749	298.58			92	36
29.4376		0.388	1818	427			89	35
29.8168		0.541	1829	456			93	35
26.9375		0.458	1378	749			86	32
32.9851		0.328	1827	676.86			95	32
27.0139		0.349	2093	272			86	27
34.4588		0.351	1960	417.784			91	25
25.3059		0.299	2253	736.452			85	35
28.4693		0.258	2404	343			90	31
43.9585		0.32	2147	316			106	28
24.5674		0.458	1613	643			86	44
33.0659		0.56	2748	346.743			97	27
37.7471		0.342	2204	697			101	29
31.6731		0.294	2490	367.944			91	26
25.541		0.394	1456	529.327			83	37
28.5073		0.301	2349	248			87	26
26.5542		0.359	2368	428.488			86	31
23.8917		0.31	1640	525			84	39
32.1495		0.333	2321	254			92	28
28.2596		0.31	2183	302			88	35
24.4127		0.3	1941	643			87	35
22.9745		0.297	2051	235.148			82	31
33.4258		0.264	1526	705			92	40
33.1714		0.277	2120	482			91	34
21.1369		0.266	2058	239.486			81	40
34.9708		0.286	2114	251			96	31
30.4969		0.401	1455	942			91	32
23.6908		0.337	1914	1181			82	36
39.8386		0.492	3153	342			106	23
34.2373		0.458	1559	697			94	41
33.6024		0.372	2181	387.912			96	23
22.4841		0.408	2635	844			83	40
34.2647		0.334	2314	512			97	33
33.591		0.335	2347	462.492			97	27
40.7673		0.347	2065	693.368			103	29
33.4		0.379	1781	423			94	27
31.8805		0.313	1986	240.457			92	28
34.8642		0.384	2270	516.352			97	28
37.9019		0.41	1867	447.076			97	28
28.8016		0.318	3007	428			92	32
32.5818		0.327	2097	288.433			95	33
32.6006		0.411	2139	264			93	27
42.0927		0.341	2589	275			101	27
29.9093		0.468	1715	738.878			87	29
31.5579		0.57	1412	580			90	35
29.8624		0.357	2667	1025			93	29
28.1366		0.562	4690	221.471			90	26
43.7678		0.445	1907	415.948			102	29
37.0283		0.38	2257	665.742			99	29
31.4626		0.449	2617	196.009			92	30
49.1962		0.317	2392	198.771			109	22
40.6756		0.305	3856	396.796			105	32
49.9172		0.345	1854	326.538			111	23
35.0818		0.345	2136	289.592			97	24
30.6424		0.33	2207	776.313			94	38
31.3198		0.371	1879	488.221			92	36
24.9879		0.353	2291	494.763			81	27
38.3555		0.357	3016	286			98	30
35.6789		0.316	2193	301.619			95	34
26.7103		0.367	1910	735			87	31
28.2593		0.367	2644	895.019			89	35
35.5584		0.271	3395	434.283			101	29
33.873		0.238	2077	358			91	30
33.4582		0.351	1734	445			94	36
26.8136		0.363	2193	492			83	30
47.9629		0.355	2270	268.165			110	24
35.7073		0.259	2257	611			94	29
24.7631		0.32	1840	712			87	35
32.8567		0.27	1898	404			95	26
31.0499		0.387	1485	512			92	33
24.0919		0.407	1580	550.883			82	29
28.3056		0.326	2006	443			88	35
27.3266		0.323	2385	241.649			85	28
33.8212		0.311	2117	505			95	38
33.5694		0.439	1583	362			96	37
28.9903		0.286	2363	238			93	32
28.6778		0.372	1717	1489			89	45
31.078		0.327	2078	331.646			93	31
52.3186		0.899	3721	215			116	31
33.6419		0.418	2017	480.184			95	28
27.0403		0.331	2073	391.705			86	33
27.9131		0.363	1926	761.993			93	32
26.3254		0.327	1785	653.685			87	33
28.8306		0.304	1469	511			89	38
32.4086		0.295	1501	606			94	34
26.2932		0.359	1364	1044			87	37
26.1301		0.28	1909	527			89	35
36.8955		0.743	3140	198.822			101	25
41.6467		0.382	2219	283.728			100	26
29.0327		0.388	1344	611			93	34
41.6657		0.392	1582	332			103	26
30.6168		0.465	2259	291.015			90	36
27.3589		0.274	1928	709			88	34
31.0406		0.214	2335	301			94	32
28.4768		0.293	2714	317			89	31
22.6595		0.329	1964	284			85	31
27.1091		0.256	1643	409			88	35
24.5747		0.346	1297	631.441			83	32
24.8035		0.25	2019	408.594			83	41
22.8228		0.402	1829	320.018			84	34
25.0388		0.35	1503	465			85	43
31.7547		0.323	2482	765			90	36
23.569		0.423	3270	560			82	29
24.3417		0.323	2584	364.536			86	32
24.3388		0.353	1894	386.603			81	36
25.6272		0.332	3223	312.893			89	32
29.9288		0.35	2262	519			90	34
29.7867		0.311	2439	592			93	30
27.21		0.343	2079	324.481			88	29
36.1437		0.312	2256	504			97	42
31.0443		0.386	2270	361			95	33
32.4913		0.347	2470	493			93	28
27.8401		0.402	2090	558.713			90	30
35.6238		0.375	3477	123.772			96	26
37.9702		0.316	2136	303			99	38
26.83		0.592	2343	250.162			88	35
34.8867		0.303	2095	365.16			93	33
23.8134		0.308	2308	1222.68			86	40
23.9577		0.275	1561	472			84	30
33.2203		0.38	1826	329.722			95	30
27.7556		0.289	2345	344			88	32
20.9717		0.316	2432	476.17			82	33
25.0497		0.22	2316	512.334			83	39
21.0161		0.332	1910	290.509			81	34
32.2432		0.529	2358	289			97	35
29.6129		0.347	2379	277			92	41
31.3647		0.366	1811	647.632			92	30
27.023		0.394	2157	432			85	32
33.3533		0.323	2694	382			94	29
26.7414		0.385	1769	715.811			90	32
26.2863		0.299	1597	288.398			86	37
27.2886		0.383	2528	272.756			87	36
33.6158		0.372	1939	326			97	32
25.9206		0.357	1837	401			84	30
34.1762		0.427	2050	241.046			92	28
32.6093		0.577	3248	137.944			93	30
37.5742		0.228	2669	234			94	32
34.6977		0.308	1996	354.008			98	42
33.3402		0.287	2540	365.886			94	28
25.9106		0.362	2252	557.925			85	32
26.5728		0.305	2190	601			88	33
24.695		0.278	2710	302			86	30
26.2344		0.388	3031	290			87	34
33.0063		0.318	1421	234			93	32
33.333		0.413	2303	453.719			95	33
28.6366		0.416	2498	473.468			93	32
26.169		0.383	2501	882			88	34
61.6857		0.362	3215	257.067			121	22
27.4031		0.3	1920	359			87	34
29.2527		0.228	2622	570			90	31
34.5405		0.383	2351	319.457			96	24
24.7187		0.352	1166	434			87	40
22.9039		0.33	1546	805			82	36
21.8488		0.25	1497	369.545			83	37
23.0559		0.359	1541	753.583			84	39
24.3544		0.309	1218	770			84	39
10.8018		0.199	2264	1891			72	25
17.4508		0.277	3022	480			80	15
25.5686		0.281	2058	311			83	28
32.4584		0.253	2071	393			96	35
39.5666		0.377	3018	328			99	32
25.0602		0.379	1740	673.243			86	34
40.2132		0.438	2779	478.91			97	32
26.9903		0.451	1692	549.99			88	29
28.8968		0.368	2068	327.987			90	38
32.8296		0.399	2847	222.139			90	34
23.8248		0.262	1861	420			83	38
25.5639		0.39	2767	373.507			87	34
27.1036		0.417	1686	691			87	29
20.4158		0.292	2423	560			82	38
29.4488		0.333	1465	809			88	29
29.4962		0.358	2000	708.91			89	38
28.5578		0.282	1755	601			90	36
33.373		0.334	1403	717			93	31
22.0158		0.245	2329	503			81	30
25.6396		0.403	2240	383.691			87	30
31.6725		0.369	1944	301.556			93	26
31.4762		0.383	1735	408			91	34
21.8499		0.34	2496	434			83	36
21.4283		0.344	2162	717.534			81	36
35.2706		0.363	2206	341			96	30
25.7803		0.343	1887	379.843			85	32
73.5776		0.493	2652	468			135	22
21.1636		0.337	1775	715			80	35
22.7842		0.268	1871	504			84	39
30.4756		0.314	2274	313.462			91	28
25.0442		0.334	2303	471			84	32
41.5544		0.353	2111	324.141			104	35
29.0967		0.27	2397	372.941			88	34
23.7401		0.376	2460	454			85	32
32.5963		0.302	1919	124			91	34
39.638		0.288	2516	438			101	32
24.3127		0.312	1954	489			85	36
35.2627		0.33	2144	162.538			95	28
30.1457		0.419	1534	826			90	34
30.4894		0.398	2004	278			90	27
40.4504		0.354	2904	288.642			102	31
27.9379		0.302	2023	806.073			90	36
33.0228		0.339	2130	412			93	31
31.3381		0.582	3223	270			90	31
29.9516		0.383	2375	526.315			89	34
30.5678		0.318	1727	878			91	32
25.4628		0.346	2287	972			83	24
24.0278		0.422	1608	436.294			87	29
29.7981		0.294	1769	307			90	37
31.9107		0.385	1936	329			92	36
30.1561		0.307	2625	469.373			91	34
35.6923		0.29	2584	249			100	31
33.3324		0.36	1912	386.349			95	24
30.3801		0.374	1971	479			92	33
26.1576		0.349	2073	425			86	36
21.9016		0.324	2099	618.036			84	36
31.4123		0.332	2046	428			93	36
37.363		0.405	2282	286			99	28
36.0178		0.44	2191	275			99	24
27.4236		0.3	1550	307.757			88	27
28.163		0.365	2092	266			90	34
28.4378		0.398	2352	281			89	32
30.4727		0.318	1779	438			90	33
26.8985		0.417	2213	581			91	38
25.1556		0.323	2411	320.395			86	32
27.3751		0.489	3294	244.854			87	33
30.1003		0.363	1912	543			90	39
21.5569		0.374	1789	642			82	34
28.0065		0.416	1932	387			87	29
32.1726		0.26	2170	676			92	35
27.8383		0.486	1434	466.203			87	27
29.1286		0.325	1163	315			87	29
33.5013		0.258	2077	265.151			95	31
31.7354		0.472	2325	516.352			92	34
23.7207		0.3	2022	474			82	36
33.425		0.437	2904	437.804			92	36
30.3627		0.361	2010	404			92	34
29.6483		0.385	2212	455			90	31
31.4049		0.353	2242	377.218			92	32
27.2156		0.352	2146	426.041			86	29
29.9093		0.445	1971	634.073			93	32
38.9178		0.359	1711	1079			97	28
23.3267		0.334	2540	277.583			84	27
27.1537		0.372	1356	675			84	32
28.6201		0.312	1466	330.347			90	33
27.6494		0.426	2017	401.228			86	26
24.6348		0.402	1814	278.937			83	29
29.4516		0.362	1980	721			91	34
46.2664		0.263	2501	312			104	30
22.6976		0.31	2271	869			82	30
49.4169		0.463	1431	448			110	24
23.5106		0.358	2336	490.623			84	36
34.5676		0.299	2192	248			94	31
30.6457		0.331	2551	264.74			91	34
35.7877		0.325	1657	296.651			96	34
28.61		0.387	1646	640.209			87	37
28.6802		0.382	2124	562.476			88	29
34.7894		0.535	1339	415.948			94	37
25.7196		0.37	1602	365			87	30
30.318		0.315	1926	237.741			90	27
25.4973		0.324	2422	450.725			86	42
31.7477		0.365	1149	551			94	26
45.1382		0.356	1994	331.646			100	28
36.0611		0.437	2047	425			99	37
27.3588		0.33	1745	408			86	31
31.8449		0.391	1811	492.489			93	33
36.8396		0.459	1506	603			98	24
36.1622		0.387	3269	407			94	27
24.7059		0.342	1656	475.113			84	37
26.7687		0.346	1856	438.856			88	33
36.0361		0.37	2072	673			99	32
27.2336		0.342	2332	522			88	27
27.1114		0.354	1791	585			87	30
28.5165		0.337	2255	611.21			90	27
24.6432		0.352	1627	365			85	35
34.5309		0.281	2046	275.9			93	27
26.8481		0.302	1913	336.297			87	36
29.8301		0.497	1529	339.9			92	37
31.0739		0.379	1851	356			90	33
28.8055		0.333	1678	219			88	29
26.1775		0.406	2129	554.765			86	32
33.6321		0.392	1918	538.105			95	38
25.8037		0.308	2442	280			86	31
30.5582		0.396	1530	243			91	40
33.5977		0.38	2206	462			92	36
27.4449		0.364	2072	157			92	36
35.6737		0.322	2120	869.816			95	39
35.665		0.28	1803	408			100	31
24.8201		0.313	1708	361			82	27
40.588		0.538	3187	287.802			103	31
34.3801		0.372	1803	491.132			99	34
25.1393		0.279	2277	333			86	34
25.204		0.398	1695	389.236			87	29
34.0638		0.496	1631	408.843			96	30
33.7931		0.398	2038	354			96	32
22.4812		0.259	1597	253.515			82	31
23.8765		0.364	1598	446			85	39
23.9034		0.403	2145	307.233			86	37
24.7851		0.395	1829	428			83	38
26.6728		0.342	2554	395			86	30
23.3302		0.36	1995	863.408			81	34
30.0895		0.467	1472	325.076			90	22
24.0085		0.308	2436	223.357			84	36
34.4094		0.314	2287	289.376			98	34
34.453		0.367	2245	515.695			92	32
24.9727		0.297	2343	481.062			82	33
30.8899		0.361	2027	714			90	33
27.0237		0.386	1312	769			90	33
29.09		0.259	2295	354			88	31
24.7095		0.343	2163	301.788			89	31
39.4152		0.494	2893	534			99	22
25.8181		0.276	2029	312			89	35
30.1141		0.35	1585	575			92	36
27.1117		0.361	1401	272.373			89	36
32.1869		0.404	2419	432.121			95	28
26.1155		0.272	1721	565			87	40
28.8405		0.34	2074	385			88	35
26.7436		0.291	2048	306.882			87	34
23.8309		0.371	1937	595.316			84	34
27.3386		0.281	1805	289			87	35
24.2891		0.317	1477	210.474			81	28
33.034		0.424	1705	608			94	34
26.3224		0.406	1985	382			89	33
35.448		0.279	2181	426.441			98	28
32.3989		0.403	2770	638.457			92	29
41.3398		0.384	3200	558.912			101	30
32.5175		0.253	1822	620			94	32
35.3142		0.437	3139	233.423			98	19
36.9336		0.311	2431	898			99	28
60.3296		1.177	3318	103.909			121	15
30.2747		0.365	2181	356			92	47
26.2963		0.38	1723	876			87	36
40.4151		0.265	2223	325.077			103	23
24.5822		0.464	2747	398.027			85	27
23.0907		0.298	2137	548			82	42
22.5083		0.341	2192	239.974			81	31
27.6692		0.327	1370	197			88	34
43.5398		0.421	2579	339.5			101	26
20.7929		0.3	1614	567			82	36
25.2317		0.367	1760	614			88	36
54.1028		0.446	2606	499.83			109	25
32.9354		0.4	1592	279.937			94	30
36.3233		0.344	1862	494.763			97	29
25.5266		0.464	3886	335.363			88	31
36.4076		0.308	1991	787.655			98	31
28.6739		0.42	2044	549			87	31
22.9861		0.207	2095	235.329			83	35
34.8852		0.355	1958	460			97	33
33.2917		0.45	1472	258			94	37
24.6751		0.262	1670	554.397			84	31
23.7843		0.325	1968	521.318			86	35
36.4851		0.418	2412	384			99	26
27.0369		0.378	1728	473			87	34
28.7856		0.462	2036	389.155			87	35
26.0213		0.518	1904	428			86	29
33.1489		0.418	2486	393.403			92	32
24.9387		0.391	2105	452.676			83	37
33.1237		0.418	2416	317.274			92	30
31.5323		0.457	2618	468.551			92	28
29.0188		0.384	2229	628.807			89	31
22.6597		0.357	1243	452.259			84	28
33.0603		0.529	3124	395			91	22
33.5941		0.418	1943	216.239			94	22
37.8607		0.231	2521	214			98	28
31.2804		0.413	2124	521.318			93	33
34.3514		0.42	3116	225			94	32
55.4149		0.415	2114	665			119	24
31.8214		0.453	2099	1031			93	39
23.6767		0.324	1836	706.319			81	33
37.0152		0.227	2080	145			97	27
35.5434		0.415	1349	479.817			97	34
29.2624		0.509	1552	438			90	26
28.4233		0.294	1758	298.616			91	28
35.7907		0.353	1971	496.212			95	34
26.9624		0.544	1661	416			86	30
30.3566		0.381	2208	457			90	31
34.1732		0.396	1789	394.774			95	32
34.3553		0.643	2136	1051			96	32
38.7292		0.347	1668	539			102	28
29.4419		0.289	1374	1093			91	32
20.8222		0.334	2051	374.752			78	35
34.9551		0.326	2276	247.763			95	35
32.6156		0.349	1791	907.438			92	33
34.6175		0.436	1448	623			97	32
23.2647		0.282	2206	304.669			84	34
22.8225		0.42	2159	289.46			84	35
28.997		0.335	2616	408.073			89	32
27.4128		0.4	2431	422.09			87	30
23.5548		0.315	1910	620.949			83	32
30.0115		0.297	2314	365.799			91	33
35.5018		0.249	2366	365.16			96	31
35.6889		0.383	1769	604			96	38
27.9935		0.365	1541	414			87	29
30.5299		0.449	1585	462			90	38
25.0775		0.316	2355	473.952			83	31
22.3415		0.332	1804	287.802			85	36
30.9914		0.497	1592	401			90	32
36.7283		0.45	2541	348.537			99	35
31.2772		0.383	2077	546.053			93	33
38.8081		0.379	1876	340.031			104	29
34.574		0.435	2491	229.483			97	28
34.3068		0.369	1828	576			96	33
22.7082		0.339	2732	452.549			84	39
21.3477		1.415	4119	458			61	22
41.9787		0.333	2217	291			101	30
29.0412		0.315	1754	380			91	32
29.1618		0.313	2061	516.832			90	35
33.9661		0.465	1957	278.993			97	28
27.2717		0.513	4907	238.846			89	36
76.6261		0.673	5469	159.068			136	14
54.4641		0.411	2153	522.766			115	25
33.9384		0.379	1720	399			88	30
26.4951		0.389	1311	456			87	36
29.8258		0.289	2362	501			88	35
26.3305		0.308	1556	680			86	26
54.3033		1.13	4750	157			126	20
72.1014		0.878	4594	240			136	17
45.2121		0.487	4427	189.947			110	17
36.4593		0.315	2848	459.44			99	30
21.6435		0.374	2204	397.489			84	36
26.4066		0.382	2397	546			89	34
27.8889		0.384	1596	743			86	38
23.4841		0.298	2233	1083.37			84	35
24.5535		0.412	1979	637			82	36
21.2162		0.332	2370	459.037			82	39
24.8574		0.389	1570	196.869			85	35
34.9479		0.334	1611	562			95	44
38.0724		0.339	2526	343			98	26
29.536		0.334	1651	563.367			89	28
24.1352		0.366	1377	466.818			83	27
40.1765		0.359	1963	462.795			95	31
35.7226		0.422	1749	506.93			94	30
33.0914		0.385	2108	314			96	35
29.5006		0.334	2282	251			90	28
33.8307		0.303	2337	492			98	38
25.6609		0.371	2029	418.326			85	37
25.331		0.365	1406	819			84	38
38.7147		0.566	3809	308			102	31
21.8115		0.295	1610	641			81	34
34.0035		0.293	1838	413			94	30
34.3567		0.446	2554	292.204			95	32
28.0482		0.528	2308	610			89	43
23.5821		0.366	2095	513			83	28
27.5027		0.295	1870	309.138			92	29
27.8184		0.435	2019	562			89	43
29.5659		0.464	1965	443.828			89	29
29.3129		0.308	2459	295			89	30
37.533		0.464	2459	357			97	32
27.7591		0.288	2030	675			90	37
27.1126		0.484	1908	623.534			85	31
25.6011		0.311	2130	288.798			85	31
29.8449		0.533	2252	471			89	32
26.7391		0.366	2515	395.1			88	31
23.902		0.337	2449	272			86	33
29.9727		0.262	2132	416			89	31
26.4433		0.368	2326	571.302			87	31
33.856		0.302	2144	416.866			98	28
23.2817		0.445	1516	549.99			84	35
27.8882		0.415	1879	582.917			89	32
24.8323		0.333	2206	309			84	34
29.2953		0.4	1980	232			86	30
31.3605		0.485	2300	280			92	33
36.4348		0.311	1764	435.538			99	33
36.1475		0.479	2466	218.135			99	27
33.8193		0.365	1657	399			95	32
33.6425		0.503	1972	266.468			99	32
32.4359		0.413	2323	376			96	32
25.9845		0.31	2598	303.763			87	30
29.1752		0.377	2035	456			90	40
29.6917		0.322	2079	729.416			91	37
28.7862		0.324	1770	486			90	31
26.4839		0.282	1696	904			84	36
32.2962		0.379	2881	563.442			97	30
26.7543		0.388	2528	341.036			85	37
25.9066		0.268	1826	574			82	37
32.3481		0.368	1552	173			97	33
31.5508		0.287	1583	303.5			93	33
30.1056		0.307	1787	626.172			91	37
30.329		0.336	2767	225.853			90	29
35.0836		0.33	1848	310			95	41
28.5772		0.359	2368	294.089			91	37
39.4029		0.404	2166	313.832			103	28
25.2316		0.296	2012	535			85	34
36.0495		0.595	2397	426			98	27
35.6912		0.474	2399	395			98	20
34.5125		0.437	1945	383			96	27
36.7145		0.487	2611	316.646			98	25
48.0613		0.453	2495	626			110	24
39.1462		0.385	2960	420.406			100	21
31.9055		0.371	2042	410			92	33
32.1821		0.483	1898	342			93	31
33.3722		0.623	2073	399.337			94	26
34.3379		0.319	1886	269			95	28
47.8071		0.428	2177	322			111	24
35.8071		0.639	2286	341			95	25
38.8517		0.445	2714	340			97	23
43.2383		0.592	2148	319			100	23
35.0781		0.463	1527	378.928			97	25
30.9718		0.411	2147	330			91	26
36.3132		0.351	2230	216.635			102	23
40.601		0.377	2310	486			99	28
32.2383		0.341	2224	225			93	32
32.4147		0.323	3009	325			92	25
30.4543		0.366	2319	351.216			87	30
33.6292		0.347	2289	155.687			95	30
39.464		0.357	1715	454.545			103	31
30.9882		0.405	2745	435			91	30
35.0282		0.499	1834	336			94	23
32.4856		0.387	2246	399			94	32
28.7817		0.338	2227	374.752			89	28
38.2892		0.503	1640	434.782			97	22
37.928		0.616	2450	256.41			96	22
40.2696		0.341	2038	371.654			107	25
49.9808		0.39	2268	199			115	19
39.3868		0.435	1460	290.585			100	21
37.2238		0.339	2969	276.157			100	24
30.3574		0.401	2842	250.162			91	26
40.9536		0.388	2562	983			101	38
34.787		0.373	2517	158.325			96	29
40.8217		0.33	1721	741			103	28
52.3911		0.492	2981	230.559			112	21
43.3816		0.48	2812	732.159			106	24
29.2872		0.384	1112	729			86	24
28.579		0.755	2792	240.211			88	30
36.3887		0.367	2186	475.047			99	27
37.3133		0.266	2362	144			100	27
37.4438		0.415	2412	551			98	27
42.1463		0.654	2758	259.764			110	25
35.327		0.322	1895	365.16			96	26
30.3791		0.287	2289	390			90	26
30.0282		0.334	2230	294			91	23
32.083		0.415	1968	446.164			94	28
34.9176		0.336	1509	431.286			97	28
31.791		0.318	2071	386			95	30
37.871		0.423	1599	350.567			102	27
40.2441		0.343	2428	428			104	27
36.8045		0.408	1629	422.633			95	21
32.8524		0.44	1356	639			92	24
40.3699		0.622	1997	257			101	22
35.2528		0.423	1616	728			89	27
41.0545		0.491	2008	255.747			103	22
26.4423		0.44	1551	423			87	33
23.9199		0.391	2005	581			82	36
48.3178		0.318	2249	94.6291			101	18
47.9338		0.386	2520	453.564			108	27
33.0501		0.405	2372	178			92	28
33.365		0.485	2190	343.762			95	26
34.9249		0.44	2248	534			98	27
33.7582		0.342	1888	188			94	29
35.5484		0.404	2825	439.62			100	28
33.5358		0.332	1803	204.668			92	20
46.6248		0.394	1863	379.843			105	28
34.7554		0.432	2081	440			95	29
38.6216		0.447	1821	496.212			101	32
56.5301		0.367	2697	432			112	21
32.6686		0.335	1532	273			91	21
37.9518		0.51	2547	277			99	34
34.5592		0.396	1640	463.975			95	22
38.8245		0.296	2335	314			100	25
48.6193		0.356	2122	279			113	24
42.6608		0.772	2188	276.78			106	33
37.2179		0.536	2214	565			96	28
37.6323		0.403	2248	465			99	23
31.7969		0.349	1750	345.626			93	24
34.4639		0.403	1735	248			98	30
34.9136		0.377	1770	507.637			92	25
32.1388		0.422	1854	407.303			96	28
35.1213		0.351	2101	210			95	35
37.7342		0.415	2028	474			98	36
34.4552		0.393	1828	499.107			95	25
29.7042		0.34	2321	532.992			90	30
32.0129		0.437	2196	218			91	28
33.9195		0.45	2473	401.228			95	29
35.2339		0.466	2063	394.774			97	29
31.0506		0.363	2001	784.859			93	28
31.8632		0.321	2155	411			92	30
29.8525		0.438	3717	212.595			91	29
48.4745		0.295	2079	306			110	30
33.0746		0.458	1990	277			97	24
37.5085		0.362	2483	129.303			101	23
42.5876		0.385	1738	508			99	29
31.1737		0.38	2036	378.928			93	28
25.8087		0.376	1720	767.017			85	31
34.9799		0.36	1001	339			96	27
41.0743		0.506	2223	496.103			97	22
40.54		0.368	1793	506.829			102	24
35.7753		0.362	2159	366.089			95	20
26.9538		0.316	1550	558.021			87	28
38.9492		0.39	2074	293.147			102	19
34.2461		0.465	1832	407.674			95	23
37.1331		0.608	3489	266.692			102	24
36.9596		0.448	2049	527.612			97	31
33.517		0.3	2509	343			98	27
43.2179		0.762	4229	146.812			101	28
38.2899		0.422	2293	543.672			96	28
34.1994		0.336	2106	467			96	23
28.3889		0.335	1944	414.527			87	27
30.0128		0.324	1915	396.476			93	31
40.7076		0.285	2319	240			104	26
29.3818		0.408	2192	343.34			90	27
23.742		0.288	2517	413.306			85	32
34.5414		0.413	1908	310.448			94	30
39.4452		0.303	2059	509.25			103	24
33.1831		0.333	2081	331.625			93	28
25.1835		0.503	1939	628			87	26
24.9048		0.408	1850	286.132			86	23
36.4918		0.437	2189	453.719			97	29
46.3386		0.424	1874	428			105	24
29.9967		0.305	2652	444			88	23
43.4476		0.352	1899	358			103	23
38.9926		0.412	2255	225.363			102	22
42.9824		0.44	2027	442.114			104	25
34.4977		0.433	1935	470			96	28
47.7254		0.506	2383	256			109	26
39.8808		0.509	2137	431			100	26
44.1589		0.372	2602	306.927			107	21
40.5674		0.557	1787	266.692			102	20
58.102		2.627	5912	78.7397			117	18
74.7427		0.284	1792	293			133	24
40.0725		0.338	1492	492.586			103	28
35.2651		0.341	2340	244.436			98	27
40.0061		0.309	1765	431			101	27
30.2697		0.413	1959	466.196			92	25
32.7292		0.449	1572	287.468			95	27
40.6982		0.217	1725	391			106	28
23.7107		0.364	2037	366			84	28
43.668		0.461	1710	353.077			106	27
34.7552		0.39	2042	461			95	29
31.1685		0.361	1747	440			93	27
31.0501		0.292	2231	441			91	28
29.4584		0.453	2368	411.919			92	26
35.6874		0.381	2166	428			96	28
65.7555		0.556	2168	236			131	16
35.2394		0.369	1575	482.472			93	26
32.4047		0.246	2130	299			95	30
34.7563		0.332	1390	439.312			97	32
38.6337		0.318	1857	397.643			98	25
28.5316		0.407	2388	351			87	23
36.6479		0.4	2387	465.264			98	25
40.3032		0.283	2117	314.283			97	31
31.0942		0.384	2182	547			94	30
31.2677		0.29	2172	466			93	33
24.8995		0.316	3578	437.804			88	28
39.7777		0.47	2051	449.581			103	30
35.6108		0.368	2213	584			95	29
44.3007		0.385	2066	281.238			101	24
34.9857		0.434	1684	561.867			99	30
39.6038		0.358	2431	319			104	26
40.7477		0.669	2321	285.259			108	26
38.2806		0.4	2425	333			100	28
30.7978		0.368	2051	461.655			92	25
41.2754		0.321	2830	225.501			103	22
40.9373		0.353	1717	638			99	28
34.1415		0.305	1988	338			96	24
26.5702		0.419	2007	376.287			84	24
32.6938		0.426	3024	202			97	29
33.2047		0.378	1980	781			93	33
26.2596		0.343	1900	436.291			88	26
35.3582		0.396	1633	338			94	23
39.4284		0.353	2738	312			99	23
26.3534		0.403	1973	200			84	29
40.6898		0.251	1554	276.157			103	31
35.9585		0.387	1719	586.463			95	21
33.9664		0.312	2288	339			96	34
46.999		0.275	2255	169			105	25
41.1742		0.364	2445	364.232			100	26
35.8939		0.499	2344	420			96	30
42.1346		0.417	2386	490.62			104	26
42.251		0.398	2143	153			102	26
38.2651		0.379	1029	448			100	36
43.2607		0.519	1626	301			105	18
42.2069		0.339	2205	286.132			108	21
48.4662		0.387	2860	281.238			112	22
37.5363		0.421	2094	248			98	23
32.1748		0.417	1974	419			95	32
32.131		0.356	2072	407.674			91	24
41.1881		0.437	2551	462			104	24
36.5959		0.494	1838	496.307			99	22
30.9893		0.416	2082	481			92	33
30.8388		0.431	1722	427.961			91	29
40.9308		0.388	2784	471.014			104	26
44.2736		0.443	2063	290			108	21
43.6596		0.369	2507	333			105	22
35.4866		0.385	1914	615			96	28
42.8896		0.716	4537	203.543			104	21
79.4295		0.342	2309	956.773			129	33
33.4185		0.347	1453	809.668			93	28
30.4545		0.39	1887	240.094			92	31
34.8505		0.249	1830	216.221			94	31
29.2626		0.261	2167	1010.43			92	33
36.0937		0.341	2734	252			97	32
27.5841		0.281	1801	396			86	35
34.9959		0.412	2306	552			92	35
28.0355		0.357	1245	270.653			88	31
30.9097		0.318	1566	359			92	32
28.1286		0.348	2224	335			90	28
37.9217		0.304	1741	236.282			100	32
29.7727		0.348	2011	355.749			88	26
25.0936		0.33	2532	237.62			84	26
30.071		0.353	1950	316.742			94	27
25.1286		0.384	1855	511.669			87	32
40.4613		0.321	1397	357			103	30
36.8871		0.377	2097	403.992			103	30
32.3865		0.351	2708	753			92	31
33.7566		0.431	4391	389			95	28
38.9177		0.351	2217	680			98	37
32.4287		0.395	2161	110.063			95	34
38.3155		0.329	1533	533.888			97	39
28.5869		0.274	1724	378			93	27
30.8783		0.292	2340	522.225			92	33
31.0794		0.321	2641	269.534			96	27
42.4864		0.413	2267	284			109	22
44.6889		0.456	2187	414.222			108	22
30.5683		0.393	1417	730.441			96	38
22.9702		0.26	1626	572.086			83	36
37.1572		0.374	2072	476			99	31
30.9288		0.338	1102	738			91	30
30.3347		0.593	3250	156.468			94	24
47.8194		0.413	1987	329.368			110	22
35.0763		0.244	2180	449			91	37
42.0044		0.261	1852	242.626			105	24
42.3138		0.349	2404	241			103	21
28.895		0.299	1998	367.367			91	33
30.7182		0.268	2111	287			91	31
27.8956		0.388	1740	242			85	34
32.1252		0.402	2634	388.692			95	38
31.5717		0.286	2068	292.513			90	31
31.8227		0.329	1871	557.129			92	34
32.3112		0.434	2037	371.227			94	31
33.8249		0.367	2373	361.781			93	31
28.8505		0.357	1760	727.226			89	34
35.0078		0.572	1574	407			95	28
28.2271		0.448	2202	194.155			85	28
33.8381		0.459	3079	237			100	34
33.2576		0.305	2006	289.81			96	28
35.9748		0.364	2159	526			95	31
25.2865		0.403	2215	839.974			86	35
31.3018		0.332	1970	210			91	29
35.2142		0.384	1911	391			100	28
39.7186		0.387	1979	255.029			102	22
32.709		0.312	2208	432			92	37
20.0964		0.319	1716	419			81	32
41.7616		0.473	1698	340			106	21
28.9301		0.248	2346	501			89	39
24.5058		0.275	2037	250			87	30
24.8966		0.368	1888	296			84	40
39.6182		0.352	1838	576.706			98	31
30.4955		0.37	2173	302.35			93	26
25.3153		0.384	1585	630.134			84	35
43.0301		0.258	2261	225			102	22
37.9323		0.318	2122	310.448			96	28
27.4831		0.354	2157	433.368			90	33
50.2817		0.355	2557	232			113	25
29.5061		0.397	2195	452			93	35
32.9403		0.281	1744	522			92	23
39.2735		0.338	1563	701.999			102	35
35.4663		0.388	2101	440			95	21
31.2909		0.25	2341	377			90	30
27.7862		0.506	1988	490.681			87	37
25.7404		0.341	2070	786			90	32
30.4964		0.411	3184	430.622			90	26
30.3738		0.464	1944	530			91	32
28.7508		0.305	2124	273.075			90	34
31.1059		0.571	2213	445			89	31
32.4355		0.296	2696	664			94	33
30.5426		0.322	2342	445.436			90	26
34.5022		0.271	1518	360			95	35
49.5249		0.392	1378	257.209			112	18
32.5336		0.32	1991	220			94	28
60.6302		0.573	4397	161.602			115	20
41.6506		0.397	1661	418			100	29
35.9479		0.269	2160	261			97	22
25.176		0.299	1586	544			83	39
28.2688		0.258	1635	264.254			87	29
26.8624		0.336	2126	189.947			89	35
39.3491		0.329	1836	367			99	35
20.1771		0.36	1786	667			80	42
21.5756		0.284	2152	327.728			84	35
23.8013		0.293	1956	324			84	34
32.0943		0.397	1515	727			93	38
21.7628		0.34	1949	537			81	36
33.6348		0.44	1463	473			91	28
30.8586		0.301	1635	558			93	29
29.047		0.346	1819	444			88	27
26.1637		0.362	1570	489			84	30
36.7716		0.42	1775	590			97	30
27.7638		0.312	2056	361			89	30
34.5806		0.475	2010	444			97	25
33.4312		0.375	1594	455			89	34
36.1517		0.322	1866	314			101	25
32.1688		0.343	2360	520			91	25
26.8383		0.403	1983	904.129			89	28
68.1914		0.864	4139	164			119	24
39.7636		0.276	1725	260.056			97	26
39.7431		0.379	1604	667			103	27
32.1942		0.267	1680	409.513			96	29
24.5618		0.346	1293	255.224			85	33
27.9407		0.389	1769	519.919			88	30
33.247		0.376	2368	618			94	29
35.6283		0.422	2182	524			99	24
45.9763		0.259	1984	298.797			107	26
24.4032		0.285	2350	338.651			82	35
39.5517		0.349	2620	310			103	31
28.3186		0.287	1420	877			90	31
25.1838		0.431	1844	475			84	37
29.1258		0.342	1526	652.174			90	27
17.9982		0.308	2727	790.537			80	26
35.668		0.428	1603	311			97	34
34.5804		0.349	2322	414			94	30
39.4877		0.378	2327	318			98	27
30.0187		0.414	1989	779			87	35
23.9986		0.28	2334	437			85	30
34.0547		0.481	2045	480			98	28
33.7936		0.428	1981	657			94	36
23.524		0.37	1774	537			81	31
25.6258		0.351	2555	390.824			87	32
34.2678		0.344	2095	266			94	26
30.5585		0.464	1785	279.898			92	33
27.1211		0.371	1893	855			87	33
27.9206		0.362	2320	359			89	23
27.9335		0.396	1523	542.84			87	26
29.3574		0.408	1763	575			90	31
31.5103		0.394	2259	268			90	32
31.6546		0.487	1930	303.763			87	20
24.3832		0.436	1626	384.047			86	35
58.5953		0.335	2662	217.178			116	27
39.8338		0.432	2299	315			98	29
30.4728		0.372	1540	366			89	30
28.9566		0.409	1965	329			88	31
42.0262		0.403	1913	343.639			103	23
36.4731		0.323	1801	391.949			97	31
30.7154		0.287	1281	911			95	36
31.9355		0.387	1553	553			93	36
31.1047		0.51	2124	556			96	30
27.0436		0.375	1704	604.152			88	32
33.1011		0.328	2009	461			96	32
23.971		0.413	2167	382.436			88	38
45.118		0.406	1459	316.236			106	26
32.4172		0.406	1641	801.214			93	27
29.5211		0.469	2186	474.312			88	30
39.0921		0.32	1682	524			96	25
26.0356		0.31	1794	765			88	32
27.7022		0.358	2147	164.832			88	25
33.6074		0.325	1734	305			94	40
41.1565		0.323	1656	687			102	29
28.0148		0.41	2141	627			86	35
31.9062		0.334	1841	674.252			92	36
29.7688		0.369	1506	274.216			91	29
34.2287		0.399	1446	291.902			93	23
33.3401		0.292	2015	177.21			94	36
24.8595		0.239	1840	1065.84			88	47
40.7852		0.387	2267	291.519			101	20
28.0179		0.297	2528	579			88	36
29.5703		0.321	1125	413			94	39
32.4561		0.287	2458	252			97	32
35.5071		0.39	2520	393.852			97	18
28.9624		0.448	1829	455			90	28
32.4365		0.442	2105	479.204			96	34
38.7886		0.541	2712	410			98	28
26.094		0.432	1678	368			83	24
27.9296		0.354	1767	507			85	35
23.879		0.3	1357	1111			83	36
25.0806		0.37	1507	327			88	27
42.0001		0.226	2566	180.258			98	22
32.1996		0.414	2141	559.804			91	24
29.0138		0.371	1989	701			90	37
32.957		0.339	2463	187			94	28
30.5837		0.394	2452	500.617			90	32
27.1053		0.425	2159	530.926			87	31
33.5381		0.394	2025	872			97	34
25.0027		0.361	1885	369.512			87	27
32.0814		0.327	1905	272			94	35
42.2854		0.398	2567	615			102	40
23.0615		0.303	2162	584			81	33
32.2879		0.379	1727	313			93	22
25.8769		0.316	1890	474			81	39
35.6995		0.37	1376	577			96	34
39.2276		0.41	2199	439			101	28
45.5925		0.356	2247	243			106	26
26.4077		0.46	2196	518			85	41
32.9856		0.484	4466	100.772			94	23
98.5445		0.721	2145	251			141	18
25.0767		0.263	1776	719			86	39
21.4016		0.368	1400	363.903			81	32
26.1258		0.358	2529	436.81			86	42
37.2489		0.284	2000	419			97	30
24.8494		0.346	1576	573.152			85	38
24.5606		0.359	1902	469.373			85	32
67.4091		2.318	7059	130.28			121	19
56.6021		0.489	2008	394			119	22
29.1441		0.296	1646	430.622			90	27
32.9251		0.308	2102	312			96	23
31.5355		0.329	2338	494.296			94	35
29.1711		0.3	1339	673			88	41
30.0038		0.316	1743	386.841			92	31
37.2914		0.399	2014	531			101	31
29.2399		0.277	1908	518.91			89	35
29.0711		0.355	1924	277			86	32
27.8579		0.261	1763	524.187			94	28
27.4084		0.348	1416	321			90	30
31.554		0.342	1344	369.236			91	32
26.352		0.38	1344	652.174			86	30
35.9216		0.444	2054	457			97	29
37.051		0.399	1499	527.728			98	27
29.5285		0.325	1994	297.856			86	33
33.8948		0.402	1504	434			95	27
38.0135		0.376	1737	526.127			98	31
25.9062		0.339	1840	773			84	37
27.7118		0.372	1929	597.041			90	29
35.7256		0.356	1424	191			96	23
36.5231		0.319	1765	556			102	34
27.9118		0.41	1445	544.629			87	27
38.5363		0.541	2524	159			98	24
37.341		0.302	2410	253			98	32
32.8031		0.4	2081	369			91	27
43.0684		0.364	1546	521.343			101	25
35.7955		0.476	1774	483.441			95	28
31.6936		0.386	2075	262			94	30
35.7905		0.35	1979	381			92	26
32.5362		0.323	2291	404.912			92	29
27.9647		0.311	3181	1050			87	23
20.718		0.327	1733	831			84	32
25.9786		0.367	1503	525.606			87	32
24.6103		0.399	1524	528			85	31
31.6847		0.395	2820	290.198			93	24
27.5093		0.332	1620	325.538			87	39
29.9399		0.406	1504	313.086			90	36
51.0137		0.416	2902	378			107	27
31.9054		0.453	2069	505			90	21
36.7662		0.341	1466	443.828			101	23
27.0963		0.362	1964	344			87	32
41.336		0.368	2384	182			103	26
36.6922		0.419	1455	226.739			99	33
35.5314		0.302	2209	468			95	31
29.1583		0.353	1805	367.992			87	29
34.4945		0.36	1883	598			96	34
33.255		0.364	2264	614			93	30
30.4845		0.329	1478	576			88	25
22.6826		0.35	1345	342			85	30
32.2573		0.451	1711	387.131			96	26
24.0876		0.323	1930	302			81	39
29.6689		0.373	1918	637.581			89	26
46.1999		0.368	2550	241			111	16
33.1259		0.399	1829	144.106			96	26
31.9688		0.403	2172	491.585			92	39
35.0673		0.351	2293	182			89	29
36.62		0.361	1650	502			100	25
28.437		0.37	1930	524			88	33
24.2903		0.356	1968	287			81	31
31.0182		0.365	2402	233			93	31
39.0027		0.321	2243	403			102	33
38.9181		0.421	1963	241			98	38
26.1092		0.274	2410	219.803			89	34
36.8662		0.421	1592	634.95			98	30
47.6082		0.502	2252	472			109	22
23.7178		0.331	1595	392			83	29
27.6313		0.392	2100	466			85	31
23.0436		0.388	2087	358.336			83	32
29.9793		0.431	2535	497			88	38
24.9036		0.367	1189	506.029			87	32
32.3615		0.382	1673	391			95	38
36.5983		0.427	2053	335.363			96	26
29.9735		0.348	2062	274			90	26
26.3004		0.385	1992	403.071			86	30
33.7727		0.407	2724	314.844			95	29
34.7478		0.431	1811	588			95	29
32.2421		0.378	1764	285			93	23
26.7206		0.405	2104	476.19			84	35
39.221		0.352	2001	337.37			100	21
32.1242		0.34	2415	405.761			92	29
32.4702		0.34	2244	846.682			92	35
22.7578		0.361	1578	461.008			84	28
38.9017		1.144	4190	237			98	34
27.5804		0.303	2589	269.534			91	44
35.4668		0.363	1782	378.512			98	28
42.8557		0.362	1780	243			103	27
33.5405		0.323	2323	831			97	36
26.9459		0.29	2646	381.613			88	28
30.0779		0.401	2332	390			88	36
37.0412		0.353	3025	226			98	20
39.5104		0.321	2023	518.107			104	28
34.8053		0.342	2399	258			95	22
31.8666		0.408	2360	432			95	35
30.6009		0.321	1472	526			89	36
20.2444		0.358	1510	485.252			81	33
26.7803		0.249	1565	265			90	30
54.0544		0.27	1967	263			111	24
44.6659		0.394	1664	450			103	27
25.6485		0.364	1315	229.305			88	29
53.6763		0.671	4465	216.674			110	22
46.0414		0.335	1376	646			112	35
36.8708		0.642	4675	209.784			100	31
31.0164		0.357	1766	230			91	28
25.9937		0.332	2874	341			84	38
36.3552		0.449	1482	484.347			98	33
20.8765		0.295	2032	328.385			81	32
34.7507		0.379	1384	779			96	32
25.732		0.351	1668	666			84	29
30.0213		0.226	2325	359.589			91	32
38.9342		0.478	1686	481			98	31
27.9475		0.282	1841	469			89	33
28.4882		0.253	1818	413			90	33
30.8848		0.377	2555	229.036			92	33
72.2482		0.505	3851	254.361			134	19
30.0473		0.348	1612	741			88	34
35.4599		0.305	2293	348			94	27
31.9165		0.3	2307	344.903			94	32
35.4717		0.435	2012	450			95	34
29.2189		0.455	1691	338			88	35
29.2738		0.31	1682	237.188			89	29
29.485		0.317	2024	247			92	39
35.9913		0.352	1988	324			98	23
40.5916		0.362	2812	334.08			102	36
36.0643		0.312	2084	676			93	32
31.7229		0.305	2499	450			92	29
32.7015		0.37	2372	475			91	30
28.4496		0.319	3560	318			89	34
31.8532		0.322	1790	353			90	25
38.238		0.407	2641	620			95	23
30.6368		0.427	1884	347.106			91	29
24.8117		0.248	2051	196.669			84	35
26.8444		0.417	2217	551.776			84	34
33.5937		0.332	2249	477			90	26
25.2424		0.385	1632	366.427			86	28
40.4124		0.356	2753	443			99	31
22.212		0.34	1407	248			80	34
37.6006		0.494	2302	354.938			97	27
26.4852		0.339	2055	323			88	34
25.1645		0.4	2396	376			86	36
43.7045		0.31	1994	180			103	27
40.0221		0.537	1890	536			99	26
18.2686		0.255	1168	743.312			78	31
24.4655		0.331	2676	817.299			86	35
35.026		0.361	2355	136			92	21
41.1055		0.374	2388	405			99	27
29.7735		0.437	2112	530.303			86	39
17.8853		0.323	2005	320.255			79	36
34.4156		0.354	3054	178.746			92	26
36.0244		0.352	1719	512			100	33
26.0798		0.417	1683	319.457			88	32
33.188		0.338	2267	377.218			94	27
25.8496		0.296	2439	409			86	37
30.6781		0.534	2781	337			90	33
28.8398		0.376	2246	864.242			90	32
30.5016		0.354	2427	507			91	26
29.8082		0.354	1993	835			89	34
26.1789		0.303	2082	461.655			88	33
35.4442		0.366	2094	471			95	32
27.1348		0.385	1315	429.706			89	28
21.906		0.362	1796	661			82	34
37.4927		0.361	2796	213.349			100	27
26.5773		0.295	1471	545			87	37
25.5132		0.427	1655	606.8			86	34
28.9027		0.426	2168	355			85	23
29.2836		0.411	2312	491			89	32
29.8791		0.411	1706	685			91	32
31.5286		0.367	2192	430.622			96	24
34.8551		0.397	2395	475			94	31
23.4238		0.307	1383	424.207			83	34
25.5054		0.285	2385	468.928			86	31
30.5938		0.346	2048	291			92	32
37.0845		0.616	1476	408			98	23
35.7168		0.653	1778	205			100	29
31.8501		0.307	1245	307			94	28
27.6492		0.309	1264	511			89	32
22.7265		0.36	1957	362			82	35
39.1145		0.374	1391	644			98	32
23.1319		0.384	2839	405			83	31
25.8366		0.453	1769	494.684			84	26
26.9959		0.316	1895	597.969			88	38
29.0463		0.336	1666	408.631			90	29
33.8121		0.365	2515	342.724			95	27
27.7643		0.298	2387	745.882			87	37
26.5379		0.345	1556	279.975			87	33
34.3142		0.376	1843	449			98	32
53.4709		0.439	2485	250			113	28
33.2248		0.35	2113	560			95	35
28.0133		0.468	2958	301			91	29
34.5921		0.468	1954	448.753			91	24
34.8212		0.385	2295	351.552			98	27
35.7776		0.388	1175	577			95	38
36.2459		0.335	2004	181.633			95	21
36.948		0.369	3131	373			97	29
23.853		0.28	1677	667.995			82	33
27.3801		0.348	1852	432			87	33
33.1733		0.351	1905	344			97	29
29.1093		0.391	1805	753.354			85	28
29.1646		0.553	1945	309.568			88	29
59.1851		0.424	2351	841.652			112	28
29.8961		0.233	2378	272			92	28
34.8964		0.299	1911	238			92	29
29.5974		0.411	2164	371			92	37
40.4161		0.687	3605	219.81			96	26
31.2624		0.313	1984	411			92	29
39.5806		0.425	1445	488.872			101	27
31.2634		0.288	1677	674			91	35
31.8346		0.371	1919	618.647			93	33
35.7507		0.377	2998	293.635			100	26
34.9995		0.445	1290	714			95	36
29.741		0.336	1908	409.201			89	36
25.503		0.392	1849	660.476			83	33
41.4852		0.448	2192	301.926			101	25
24.416		0.323	2189	274.027			86	34
31.8893		0.381	1469	366			94	43
30.4149		0.403	1842	522.054			92	30
41.1603		0.438	2056	557.129			98	28
31.2059		0.461	1933	459			93	22
25.8786		0.406	1632	321.331			87	30
35.0058		0.35	1892	301			96	32
35.5416		0.395	2136	425.434			95	18
27.9671		0.342	2158	290			87	35
24.8689		0.283	1698	523.123			83	38
26.9586		0.369	2010	265.745			88	32
36.9177		0.419	2026	531.199			97	26
39.6603		0.535	3360	372.581			100	28
31.131		0.307	1994	673.992			94	39
29.7396		0.315	1747	522.225			92	30
29.3929		0.377	1661	615			86	26
22.2197		0.33	1677	601.504			82	33
32.1425		0.38	1832	369.8			90	34
26.5365		0.324	2438	490			84	35
25.7187		0.368	1908	472.561			89	30
27.873		0.334	1547	988			86	33
23.2339		0.277	2201	222			82	33
50.0769		0.445	1984	345			110	27
42.3673		0.286	2510	918.22			98	36
23.4383		0.401	2284	223			83	33
36.5015		0.394	1537	618			96	31
19.7579		0.234	1818	672			77	31
25.7936		0.297	1718	488			87	38
33.1627		0.431	1800	520.516			92	30
28.9469		0.336	2389	354			90	37
32.4175		0.341	1741	569.732			91	34
30.1709		0.412	2251	333			91	32
32.0446		0.398	1636	461.971			91	23
29.2543		0.32	2311	413			87	34
31.6587		0.383	3012	237.741			95	33
53.7433		0.34	1596	478.386			115	26
26.5908		0.306	1478	691			87	28
25.2575		0.346	1592	587			80	31
26.6892		0.396	2182	639			88	41
30.2317		0.408	2274	653			89	37
26.4948		0.301	2634	368			90	32
27.4327		0.431	1283	369			88	30
28.6283		0.328	1688	479			89	29
26.4086		0.394	2152	345.435			89	39
35.9252		0.331	2702	141.935			96	28
41.3383		0.297	1535	535			104	27
27.6188		0.339	2105	536.576			90	32
24.1461		0.265	2567	330.673			86	30
26.4662		0.393	1968	764.684			90	34
30.712		0.487	1539	762			92	26
24.55		0.557	1449	306.046			86	33
47.2827		0.441	2044	485			107	31
32.2865		0.32	2394	298.52			93	24
28.2291		0.403	2250	682.072			88	30
32.2851		0.457	1734	302			93	32
29.7149		0.367	2080	614.735			89	31
19.3646		0.308	2072	671			75	37
31.6676		0.311	2299	304.44			88	33
28.2391		0.449	1880	394.252			88	26
24.5684		0.423	1386	712.571			84	31
38.797		0.395	1549	489			100	31
34.0505		0.303	1398	947			93	31
26.2792		0.384	2122	354			85	35
36.4025		0.281	2242	569.596			98	32
26.7686		0.361	1394	625			86	34
30.9755		0.309	2261	410			93	29
25.0501		0.304	2510	229			83	32
30.7996		0.312	1384	489			89	29
18.1666		0.302	1604	610.955			78	37
26.3876		0.346	2554	301			88	36
36.3831		0.397	1509	822.32			97	28
30.439		0.359	1804	571.302			89	23
33.3665		0.351	1670	534			92	32
25.7122		0.375	2000	755			89	23
35.6202		0.373	1967	471			101	29
31.2647		0.295	1965	506			90	29
27.2364		0.436	1573	527.728			87	30
28.5885		0.393	2750	1014			88	33
34.1371		0.329	1348	770.651			91	24
29.4448		0.324	1926	242			88	31
23.8014		0.426	2731	601.688			83	34
31.8032		0.449	2145	240.419			95	30
40.0554		0.379	2593	272			103	25
26.7388		0.316	2467	378			87	26
28.7952		0.376	2301	457.105			87	31
43.1522		0.36	2153	582.03			102	25
28.409		0.258	1945	306			89	26
27.5214		0.364	2569	349			87	33
25.0337		0.317	2479	383.691			86	29
40.6062		0.434	2152	241.561			98	19
36.3157		0.345	1787	272			93	36
25.9503		0.253	2151	350.784			86	35
25.8154		0.42	2227	465			87	37
42.3111		0.411	2356	724.422			103	29
27.2838		0.359	1776	587			87	35
31.687		0.325	1992	375			92	25
32.7797		0.328	2219	393			96	28
29.9892		0.442	1756	231			89	34
36.6837		0.334	1978	584			98	35
25.6181		0.278	2187	222.222			86	25
34.3025		0.309	1951	305			97	28
29.631		0.281	2236	372			88	36
32.096		0.371	1980	246.342			90	29
27.5465		0.419	2107	738.168			88	29
37.2658		0.363	2048	670.245			100	30
28.4639		0.361	1645	587.349			90	30
29.0604		0.363	2062	549.097			89	31
22.0111		0.303	2458	341			81	32
27.4108		0.304	2492	512			84	31
31.5095		0.309	2092	232			92	31
37.1555		0.343	2081	277			98	24
32.6709		0.416	2359	246			96	28
42.2843		0.35	1758	419			102	27
29.5314		0.332	2497	508.474			87	23
31.2302		0.279	1546	331			95	36
41.0378		0.385	2667	440.622			101	40
49.8549		0.296	1774	211.433			115	23
45.9446		0.331	2433	302			104	27
23.9796		0.311	1857	316.854			82	36
39.2643		0.314	3171	314.77			99	33
37.8561		0.433	1958	465.293			99	24
26.0829		0.352	1466	456			87	39
24.452		0.354	1843	864.242			86	38
24.4299		0.31	1990	429.616			81	31
32.4863		0.284	1604	337.078			92	26
36.5319		0.316	1839	466.908			98	28
41.2085		0.335	2223	365			104	30
29.365		0.358	1240	394			88	31
26.3841		0.312	1456	576.706			87	35
28.263		0.443	1675	273			90	34
35.4575		0.449	2072	739.025			99	28
32.9279		0.342	2397	202.802			95	29
27.0728		0.404	2208	391			87	35
38.135		0.4	1921	474			95	29
31.5746		0.392	1798	1033			91	35
29.3875		0.333	1841	213.89			89	25
27.8151		0.421	2239	258.455			87	33
36.3166		0.3	2112	361.35			96	28
38.119		0.551	1893	387			101	34
34.1344		0.354	1752	452.07			96	29
46.291		0.461	2575	323			106	27
31.1571		0.334	2105	726			89	33
23.9138		0.286	2120	506.029			86	26
22.8405		0.39	1779	795.287			84	35
36.3697		0.485	1548	160.44			96	22
46.449		0.314	1958	890			106	33
29.3494		0.398	2177	293.45			91	30
33.6249		0.424	1784	538			96	35
24.752		0.425	2044	380			85	36
34.41		0.377	2426	393.904			93	25
48.1437		0.474	2917	400.184			108	29
30.1279		0.278	1554	539			92	38
37.1496		0.368	1684	453			100	34
34.5842		0.375	1499	517			99	27
23.6905		0.272	2604	711			84	34
29.0818		0.279	1803	577			92	35
27.3811		0.349	1525	370.726			85	33
37.6165		0.409	1799	490			103	30
27.4206		0.173	2221	348			89	31
22.6148		0.364	1448	306.674			82	33
37.5097		0.353	1540	432.121			93	33
35.1066		0.311	1899	559.804			96	32
35.0165		0.376	1920	308.529			95	25
26.6782		0.343	1689	556			84	27
28.4696		0.394	2172	339			91	31
31.7782		0.446	1571	658.571			91	27
28.2239		0.354	1627	417			89	30
22.3472		0.346	2090	607			84	33
34.3036		0.405	1835	566			95	25
35.3977		0.346	1434	696			96	30
32.8439		0.499	1977	304.44			92	28
27.1642		0.338	1403	410			87	32
27.7726		0.395	1882	430.238			87	26
32.742		0.325	1710	454			93	30
36.1544		0.322	1347	645			95	33
34.6993		0.431	1853	206.136			96	24
36.1284		0.304	2685	372			100	29
30.1594		0.296	2229	250			90	32
37.0398		0.311	1643	642.321			101	27
50.5548		0.526	1624	380			108	26
32.499		0.359	1346	473			93	30
28.5052		0.306	1839	356			89	31
27.7734		0.372	1384	692.479			92	31
30.523		0.334	2153	373.842			93	36
26.9586		0.26	2053	279			88	36
26.6856		0.264	2009	594.713			87	26
25.8023		0.529	2493	346.558			84	32
35.8689		0.274	2251	249.857			96	24
35.0732		0.417	2284	601			92	29
31.7942		0.359	2049	210.728			94	32
34.001		0.285	2223	727.003			95	37
24.1084		0.325	1994	619.136			84	30
31.802		0.424	1313	664			90	32
31.4142		0.406	2936	468.02			91	25
26.8396		0.441	1510	287			89	36
29.7429		0.457	1170	483.441			87	33
33.4045		0.426	1747	517			94	25
37.1721		0.43	1868	658			99	31
34.4308		0.643	2286	909			97	31
20.3485		0.293	2349	630.422			80	31
30.3601		0.392	3048	207.371			89	25
43.6086		0.313	2011	773			108	32
28.8074		0.363	1899	563.367			88	34
32.4063		0.4	1927	427.944			95	31
26.6838		0.355	1764	394			86	28
25.1659		0.356	1879	533			84	35
32.5892		0.281	2345	465			92	36
37.7701		0.433	3640	271.427			101	25
38.9254		0.419	2305	427			100	25
29.1458		0.399	1841	408			86	37
30.9417		0.422	2132	301.556			92	29
43.7186		0.339	1874	266.692			102	30
24.4578		0.335	2120	812			88	40
32.369		0.398	2087	280			94	24
41.7486		0.403	2221	441			103	28
24.0918		0.31	1777	574.929			86	34
25.4886		0.439	1940	723			84	31
29.4917		0.349	1971	209.516			91	29
37.3567		0.326	1978	351			98	29
30.3544		0.341	1870	385			88	30
26.3644		0.363	2163	253.411			86	30
38.4457		0.435	1649	365			96	26
40.6223		0.32	2534	279			104	26
24.4314		0.283	1860	863.408			83	32
23.0893		0.328	1939	216.899			81	28
38.8324		0.309	1760	494			100	31
32.0156		0.366	2067	416.866			92	35
32.8467		0.33	1671	395			92	34
31.2927		0.247	2339	322			92	26
31.603		0.321	1614	535			91	31
35.0176		0.538	2434	416			97	33
32.4865		0.428	2040	427			89	20
27.5271		0.405	1913	381			90	28
64.9732		1.271	4302	100			120	14
60.3295		0.295	1362	821			115	34
27.7603		0.331	1693	1514			88	37
27.0083		0.304	1759	566			88	33
27.3829		0.372	1596	482			88	31
25.8982		0.305	1383	441			84	32
25.8978		0.328	2009	437.956			87	31
38.1303		0.376	1496	745.025			98	31
22.6072		0.374	1907	567			81	32
25.1967		0.34	1303	598			84	32
45.0671		0.526	3168	276.155			108	19
39.7702		0.295	1692	832			100	31
25.1596		0.471	2287	506			85	37
30.8262		0.277	2469	274.102			90	28
36.6212		0.389	2371	309			102	28
29.6772		0.336	2050	1089			90	31
26.05		0.37	2034	317			88	32
30.0617		0.436	2682	282.016			90	30
63.2804		0.571	2209	311.82			124	28
32.1604		0.396	2230	363			92	31
27.8309		0.358	2084	389			85	30
27.2024		0.354	1858	238.235			87	28
40.2435		0.449	1631	389			99	28
29.4802		0.426	2059	332.936			90	28
41.5678		0.22	1703	902.982			98	32
35.7141		0.401	2156	678			96	32
31.5636		0.388	2348	353			93	23
28.9083		0.365	2299	394			87	33
30.9877		0.405	1812	511.669			91	32
24.8654		0.325	1673	517			83	38
28.013		0.338	2153	158.449			88	27
31.7917		0.338	1591	512			93	33
36.1029		0.396	2324	350			100	34
32.903		0.303	2404	533			91	33
28.7381		0.362	1719	750			88	28
28.4902		0.393	2402	220.048			87	29
35.2769		0.401	2166	468.02			97	25
31.4111		0.234	2178	267.059			91	31
28.9463		0.356	2056	563			88	28
30.9173		0.415	1411	407.788			90	27
33.3356		0.316	2449	373.797			96	29
34.182		0.371	1790	378			92	31
36.0487		0.322	2013	327.884			96	28
32.6085		0.373	1777	399.937			93	28
23.5833		0.32	1431	629.685			84	37
25.5482		0.471	2005	331.412			86	34
39.1515		0.375	2121	404.412			103	29
22.7297		0.287	1981	565			83	30
39.3426		0.355	2052	438			104	24
32.0162		0.421	2242	160.308			93	26
40.9424		0.399	2038	391			98	26
28.7503		0.309	1769	440.684			91	33
26.4056		0.374	2174	416.208			86	31
33.3742		0.397	2476	468.551			96	32
29.0325		0.283	1597	489			86	30
30.1832		0.351	2103	324.141			93	28
30.5275		0.336	1195	421			88	29
31.2359		0.448	1656	294.56			94	32
36.8585		0.445	2112	475.283			97	27
32.2561		0.33	2210	335.363			95	22
32.6977		0.352	1822	1020			92	35
24.825		0.28	2100	450.409			87	38
35.2137		0.502	1948	467			93	34
40.295		0.41	1476	723			104	26
20.4559		0.24	1793	731			79	36
30.7701		0.321	2441	253			92	30
28.6804		0.409	1848	490.681			87	32
26.032		0.308	2299	866.402			90	35
31.6796		0.412	1785	426.441			93	37
28.1993		0.433	1770	496			86	23
41.3352		0.439	2517	318.521			103	29
35.4457		0.296	1993	427			92	28
29.4357		0.344	2551	222.625			93	30
31.5043		0.392	2021	546			92	43
32.4529		0.359	2449	224			93	28
30.1827		0.334	1438	768.047			91	28
32.0236		0.43	1217	496.103			93	35
32.5804		0.435	1401	532.523			89	29
25.2618		0.464	1829	337			85	32
36.7599		0.386	1735	251.511			98	23
37.5191		0.376	1475	297.856			97	26
32.172		0.335	2082	662.059			95	34
37.0448		0.337	2810	126			100	26
46.8544		0.327	2417	566			108	28
24.4771		0.39	1888	470.629			84	30
34.0559		0.289	2441	423			94	25
36.9056		0.291	1909	342.829			92	25
46.7565		0.437	1999	312			103	26
36.8133		0.366	2181	416			98	29
27.0035		0.337	2429	461			85	33
26.7852		0.318	2190	896.677			86	36
33.76		0.45	1768	611.21			95	30
20.622		0.376	1564	753.354			82	34
27.5779		0.416	2247	270			88	29
32.5871		0.388	1791	601			93	28
26.692		0.397	1226	672			85	24
18.3274		0.309	1817	977			80	40
32.9678		0.408	2443	361			94	31
28.5315		0.276	1656	312.741			89	32
29.7191		0.342	1980	1057.06			93	36
30.6991		0.34	2058	347			93	30
37.3156		0.454	2400	422			95	28
28.9714		0.386	2128	252.564			91	22
22.5452		0.377	2423	592			84	36
18.6569		0.319	1853	472.561			76	30
39.9374		0.484	2097	518			99	30
33.1862		0.266	2031	220			94	27
33.2303		0.374	2054	493			94	37
25.8529		0.377	2100	563.367			84	31
40.5007		0.356	1972	325.077			101	22
24.7926		0.348	1431	1119			88	42
37.6951		0.346	2731	375			97	29
34.8075		0.356	1915	489.776			96	24
26.4634		0.338	1905	497.118			87	28
36.0318		0.277	1949	420			95	30
26.9279		0.422	2325	474			84	30
37.9091		0.329	1545	345			103	30
23.1828		0.3	1781	461.147			81	28
38.6126		0.414	2565	315			100	30
31.0641		0.512	1650	486			89	30
28.4651		0.352	1296	833.256			90	38
30.0215		0.329	1494	343			92	30
23.3578		0.386	2248	519.529			83	39
36.7721		0.375	2160	380.915			95	29
30.8185		0.463	2090	382.342			92	33
29.6266		0.391	1804	619.136			92	30
22.5003		0.309	2005	304.129			82	26
41.7034		0.402	2381	458			105	33
27.2862		0.356	1636	489			87	32
27.9764		0.484	1841	508			87	34
38.0477		0.32	2184	331			100	21
26.1723		0.36	2296	371.227			89	23
23.2401		0.357	2189	487			83	32
33.157		0.258	2397	243			91	29
40.1777		0.347	2496	384			102	25
25.8687		0.372	1371	520.516			87	33
30.8823		0.386	2304	340			90	32
33.0456		0.47	2639	534.119			99	34
42.4726		0.354	2322	192			102	21
41.0168		0.341	1610	311			101	33
28.3889		0.319	1774	449			86	26
42.0775		0.377	2042	829			101	34
26.547		0.294	2148	319.228			85	27
32.421		0.334	2461	302.294			92	34
35.7953		0.366	2032	300.816			95	29
27.8549		0.286	2285	424.597			90	35
37.4595		0.383	1987	554			96	31
40.3468		0.457	1607	439			101	26
32.8786		0.478	1120	372.01			93	27
33.6668		0.317	2240	386.603			92	30
34.714		0.417	1605	421			93	26
29.5915		0.312	2292	716.977			88	30
27.1416		0.297	1650	468.928			88	36
27.6876		0.497	2322	436.291			89	31
26.9534		0.444	2212	589			88	30
29.8362		0.357	1729	381.84			88	25
25.2288		0.38	1801	738.152			84	37
30.9923		0.298	1678	471			91	28
37.679		0.339	2534	428.79			101	24
43.7011		0.365	1952	957			104	31
32.1996		0.421	1941	226.739			90	30
42.8584		0.413	2453	285			102	26
34.7444		0.354	1854	441.598			97	28
30.5746		0.384	1930	408			91	30
32.0041		0.378	1735	753.354			91	27
57.9656		0.428	2190	416.866			114	26
26.222		0.3	1850	667.288			85	31
38.5814		0.284	2587	169.091			105	23
34.1611		0.391	1984	441.283			94	43
34.9528		0.499	1686	349			96	31
26.7999		0.351	1603	549.99			89	27
38.2873		0.433	1880	379			97	30
35.6729		0.368	2246	764			94	33
25.9707		0.449	2119	299			88	29
33.2678		0.323	2005	419.62			94	27
25.3836		0.33	2006	400			85	30
28.4502		0.535	1766	328			91	32
41.4437		0.276	2406	358.122			102	25
37.9162		0.381	1966	322.268			97	34
28.8721		0.234	2195	567			91	35
26.4669		0.385	2144	232.774			89	29
34.2101		0.341	2573	410.382			95	27
26.619		0.307	1761	969			86	30
23.1029		0.366	2176	206			82	30
28.7627		0.436	2140	484			90	34
42.0749		0.394	1947	432.512			100	25
26.5254		0.444	1933	451			88	36
24.378		0.309	2326	421			84	29
37.6189		0.339	2707	216.693			94	23
34.2574		0.439	2210	330			92	39
25.1056		0.414	2238	873			86	35
28.452		0.4	1632	251			89	32
37.907		0.524	1765	330.69			102	25
31.5209		0.334	2594	702			91	30
30.7874		0.302	1903	177.782			89	22
84.0687		0.578	2968	393.403			140	22
31.293		0.335	2155	623			93	33
23.9489		0.385	1884	507			86	34
29.6468		0.296	2218	256			87	28
31.4795		0.414	1388	763			93	34
37.548		0.351	2151	436.113			96	30
30.6551		0.305	1902	355.749			93	30
38.9562		0.386	1835	532.096			101	32
25.4245		0.354	1955	542			85	32
29.7389		0.303	1681	633			88	31
33.2472		0.292	1749	312			94	28
25.8041		0.271	1827	266.146			85	36
30.5245		0.425	1398	614.804			91	36
33.1391		0.443	2206	477.569			94	30
33.7381		0.36	3384	178			96	23
31.6279		0.275	2525	280			90	34
31.361		0.538	2238	510			94	33
29.7133		0.393	1602	489			86	27
34.0677		0.362	1885	356.345			96	27
26.1937		0.301	1808	310.015			87	35
37.8573		0.298	2317	177.066			98	27
38.8172		0.311	1820	398			99	30
23.5335		0.28	2387	458			83	31
27.3741		0.458	2159	253.502			88	32
43.9833		0.366	2119	394			102	30
23.659		0.391	1252	440.819			83	34
25.1994		0.363	1731	581.143			86	39
28.9449		0.385	2512	305			89	32
35.9163		0.568	2160	352			97	26
34.7537		0.337	2417	772			96	33
27.2017		0.321	2571	203			90	27
31.4674		0.304	2076	681.465			94	35
41.8649		0.349	2064	512.475			104	32
32.72		0.351	2798	376.287			92	30
36.3882		0.461	2122	483			98	25
25.879		0.341	2166	381			87	27
32.3472		0.296	1933	462			95	29
30.6174		0.352	2266	604			93	34
31.9838		0.313	2671	435			92	24
38.8511		0.373	1624	692			101	29
21.8252		0.31	2028	665			83	31
26.8282		0.416	1877	387.453			86	32
57.0481		1.684	4378	83			116	25
67.3526		0.399	2880	371			118	23
22.3757		0.321	1828	506			84	33
23.5612		0.274	1848	562.876			85	33
25.55		0.426	1605	573			85	32
34.3879		0.346	1665	340.031			96	28
28.6757		0.328	2369	427.067			84	28
26.829		0.339	2108	449			86	38
30.9708		0.414	1677	592			89	26
26.7433		0.303	1818	470			87	26
41.9684		0.584	2363	301			101	25
38.23		0.444	2778	475.283			103	26
80.4995		0.982	3375	161			138	16
44.7347		0.369	1615	482			100	27
31.6107		0.258	1529	213			91	27
38.2687		0.275	2239	215			98	33
28.71		0.324	2559	202.772			88	28
34.4282		0.349	2207	305.223			94	33
36.4776		0.312	2085	349			99	27
38.4598		0.272	1879	506.029			100	30
34.8753		0.375	1283	581			93	29
37.8299		0.282	2487	179			100	25
52.6592		0.328	1803	787			115	28
33.3258		0.406	2093	547			95	25
33.6457		0.277	2063	300			95	28
23.7416		0.476	1535	593.16			83	34
36.0215		0.331	1875	432.461			98	34
30.548		0.445	2393	241.236			94	36
37.9051		0.37	2469	438.788			100	29
33.0761		0.224	1772	736			97	35
25.2084		0.462	1736	543			83	27
35.6089		0.42	1954	656			95	30
29.0806		0.305	1580	816			89	37
27.3062		0.319	2121	564			92	41
28.5881		0.425	2234	387.414			87	32
32.323		0.382	1651	341.143			93	28
31.8176		0.369	1318	510.864			93	37
25.0076		0.363	2057	326.074			84	37
28.9948		0.356	1469	754			92	44
26.5887		0.312	1784	733.788			90	34
25.3462		0.4	1318	465			87	35
53.9223		0.44	2431	270			110	24
32.3011		0.388	1778	280.539			93	26
33.5352		0.362	2185	375.366			96	28
50.9931		0.309	2839	257			107	25
32.4423		0.532	2606	287			94	29
26.6065		0.34	2019	792			86	33
27.4383		0.372	2619	298			90	35
29.2595		0.379	2157	395.1			89	33
37.3092		0.341	2237	232.289			96	25
34.2709		0.39	2212	341.452			93	37
26.1252		0.319	2018	408			86	36
28.242		0.356	1964	320			88	29
29.9584		0.429	2220	317			89	30
44.9691		0.941	3860	157			109	27
32.2019		0.407	3155	425			94	33
33.4863		0.7	4320	780.591			90	24
38.6534		0.636	2364	333			101	26
25.9457		11.858	9625	433.216			51	9
0.015184		4.644	6172	320.014			84	13
31.6222		8.674	6137	482.472			65	19
48.5334		5.501	4594	162.963			100	25
3.02901e-12		47.721	10322	220			94	27
30.9496		0.232	4051	689			98	39
43.9387		0.377	2832	229.007			107	30
38.9571		0.731	4107	449			103	26
56.7907		0.393	3965	546			112	23
81.3973		1.004	3307	209			129	14
37.0628		0.827	3921	184.294			100	27
67.0467		1.588	5178	139			120	19
56.5983		0.482	1792	751.017			114	29
32.2259		0.52	2161	390.252			86	18
58.8637		0.752	2736	198.961			114	20
60.6693		1.189	3379	114.325			126	18
55.6565		0.321	2015	207			116	26
62.6976		1.048	5963	70.8536			120	16
88.5056		1.246	2122	144.318			141	17
66.7907		0.542	3202	426.271			125	20
48.2917		0.491	2769	502			110	29
51.3922		1.068	4496	156.511			111	21
52.6452		0.476	3436	355			115	19
45.0404		0.43	4874	282			108	25
49.4086		0.36	3395	173			112	19
52.6017		0.354	1547	140.024			117	22
39.4624		0.356	3842	506			104	31
37.2141		0.481	1813	506			98	28
35.6045		0.356	1765	320			101	31
29.5291		0.416	2365	375			93	33
41.6711		0.436	4263	316.742			104	21
36.0555		0.888	2054	179			102	20
66.361		0.733	4572	204			127	20
88.0324		0.801	3254	190			150	15
72.1818		0.789	3645	150.849			134	14
59.9743		0.96	5965	334.653			129	21
45.7162		1.333	5445	188			109	23
47.8928		0.86	5313	110			115	18
52.277		0.483	2412	316.646			112	30
38.6764		0.329	1999	224.79			106	20
70.8935		0.674	3620	339			137	21
42.7824		0.522	4520	178.061			107	18
62.4994		0.999	4785	203.894			131	20
52.5905		0.537	3581	617			116	23
31.4146		0.968	3332	162.174			93	22
121.959		1.545	4996	86.2493			165	11
91.157		0.941	5740	139.014			144	17
51.5588		0.425	4589	223			113	26
45.6656		0.482	4040	163.27			110	24
60.2066		0.498	3912	218.651			125	22
36.8732		0.42	2900	233.419			99	27
79.5441		0.385	2060	413			133	24
29.57		0.311	2828	527			88	37
45.9758		0.613	2719	159			107	23
38.5754		0.355	2414	574			99	24
33.4739		0.374	3006	378.139			60	19
31.2165		0.374	3006	378.139			0	0
30.9772		0.374	3006	378.139			0	0
26.6804		0.374	3006	378.139			0	0
30.1017		0.374	3006	378.139			0	0
17.4638		0.374	3006	378.139			0	0
